date,ls_ret_gross,ls_ret_net,cum_gross,cum_net
2020-01-02,-0.0030714398788554086,-0.0030714398788554086,-0.0030714398788553865,-0.0030714398788553865
2020-01-03,-0.007613116796219693,-0.007613116796219693,-0.010661173444544758,-0.010661173444544758
2020-01-06,0.009298251620681547,0.009298251620681547,-0.0014620520971222462,-0.0014620520971222462
2020-01-07,-0.00829700917564009,-0.00829700917564009,-0.009746930613097282,-0.009746930613097282
2020-01-08,0.01361945580807795,0.01361945580807795,0.00373977730423114,0.00373977730423114
2020-01-09,0.002009297353299866,0.002009297353299866,0.005756588982170463,0.005756588982170463
2020-01-10,0.0074578375036749855,0.0074578375036749855,0.013257358191049784,0.013257358191049784
2020-01-13,-0.0033515441266642743,-0.0033515441266642743,0.009861381443405204,0.009861381443405204
2020-01-14,-0.0074053433137567185,-0.0074053433137567185,0.0023830112145122317,0.0023830112145122317
2020-01-15,-0.0010986151809797729,-0.0010986151809797729,0.0012817780212357466,0.0012817780212357466
2020-01-16,0.0026785216548719294,0.0026785216548719294,0.003963732946294263,0.003963732946294263
2020-01-17,0.0054265598246605595,0.0054265598246605595,0.009411802204916775,0.009411802204916775
2020-01-20,-0.02168198889829583,-0.02168198889829583,-0.012474253284299075,-0.012474253284299075
2020-01-21,0.0028130748212017442,0.0028130748212017442,-0.009696269470924612,-0.009696269470924612
2020-01-22,-0.038081156484424415,-0.038081156484424415,-0.04740818080031162,-0.04740818080031162
2020-01-23,-0.0960177218644441,-0.0960177218644441,-0.13887387714657218,-0.13887387714657218
2020-02-03,0.021582066054132164,0.021582066054132164,-0.12028899628221079,-0.12028899628221079
2020-02-04,0.012113414553310099,0.012113414553310099,-0.10963269220706862,-0.10963269220706862
2020-02-05,0.01646818751458603,0.01646818751458603,-0.09496995642547745,-0.09496995642547745
2020-02-06,-0.0028913913729433915,-0.0028913913729433915,-0.09758675248572335,-0.09758675248572335
2020-02-07,0.017058959382722498,0.017058959382722498,-0.08219252154994672,-0.08219252154994672
2020-02-10,0.013387309708963235,0.013387309708963235,-0.06990554858273335,-0.06990554858273335
2020-02-11,0.004826039376784164,0.004826039376784164,-0.06541687613606528,-0.06541687613606528
2020-02-12,-0.004415068037807501,-0.004415068037807501,-0.06954312421491116,-0.06954312421491116
2020-02-13,-0.0003588307631339327,-0.0003588307631339327,-0.06987700076571235,-0.06987700076571235
2020-02-14,0.03127776992452391,0.03127776992452391,-0.04078482759415414,-0.04078482759415414
2020-02-17,0.000949503498665466,0.000949503498665466,-0.039874049431981695,-0.039874049431981695
2020-02-18,-0.000953569596547088,-0.000953569596547088,-0.040789596347299284,-0.040789596347299284
2020-02-19,0.029315909504336202,0.029315909504336202,-0.012669470958198814,-0.012669470958198814
2020-02-20,0.005573294647950089,0.005573294647950089,-0.007166787004932451,-0.007166787004932451
2020-02-21,0.004962610285736607,0.004962610285736607,-0.0022397426901022977,-0.0022397426901022977
2020-02-24,0.0004748881310205788,0.0004748881310205788,-0.0017659181863017848,-0.0017659181863017848
2020-02-25,-0.014879845536065122,-0.014879845536065122,-0.01661948713252548,-0.01661948713252548
2020-02-26,0.01146603823204786,0.01146603823204786,-0.005344008575336123,-0.005344008575336123
2020-02-27,-0.03980468765484747,-0.03980468765484747,-0.04493597963801754,-0.04493597963801754
2020-02-28,0.04617544684477304,0.04617544684477304,-0.0008354717324375871,-0.0008354717324375871
2020-03-02,-0.004514279253500586,-0.004514279253500586,-0.005345979433229564,-0.005345979433229564
2020-03-03,0.004312646475275595,0.004312646475275595,-0.0010563882773135802,-0.0010563882773135802
2020-03-04,0.02042042034531382,0.02042042034531382,0.01934246017532959,0.01934246017532959
2020-03-05,-0.013804615103170798,-0.013804615103170798,0.00527082985429006,0.00527082985429006
2020-03-06,-0.047108211789209445,-0.04790821178920945,-0.042085681304000144,-0.04288989796788356
2020-03-09,0.026421235802004985,0.026221235802004986,-0.016776401211616054,-0.017793288294018272
2020-03-10,-0.018619308448162758,-0.018719308448162757,-0.03508334467096963,-0.03617951869029823
2020-03-11,-0.01755604036104551,-0.01765604036104551,-0.052023460416971146,-0.053196772009104665
2020-03-12,-0.01059806234179062,-0.01064806234179062,-0.06207017488202704,-0.06327839180616035
2020-03-13,-0.03847539906612444,-0.03862539906612444,-0.09815739919946131,-0.09945963773650923
2020-03-16,9.87014177072254e-05,-5.129858229277461e-05,-0.0980683860562136,-0.09950583418039083
2020-03-17,-0.013629149285083469,-0.01387914928508347,-0.11036094666758978,-0.11200392713814789
2020-03-18,-0.0012964583663645003,-0.0014464583663645002,-0.11151432666132721,-0.11328837648703771
2020-03-19,0.0072010683418441525,0.0070510683418441526,-0.10511628060686595,-0.10703611223014031
2020-03-20,-0.04645475549450688,-0.04650475549450688,-0.1466878849872889,-0.14856317949630182
2020-03-23,0.0221529201190393,0.0219529201190393,-0.12778452986680378,-0.12987165498937525
2020-03-24,0.024645257864099025,0.024395257864099025,-0.1062885546923148,-0.10864464963797926
2020-03-25,-0.008768122870678519,-0.008968122870678519,-0.11412472645570426,-0.11663843394146256
2020-03-26,0.003871372980553833,0.003671372980553833,-0.11069517285756425,-0.1133952841557756
2020-03-27,-0.008125938791053005,-0.008475938791053005,-0.11792160944951169,-0.12091009145913023
2020-03-30,0.003263103964475422,0.002863103964475422,-0.11504329595632823,-0.11839316565685665
2020-03-31,0.0009543225115762998,0.0007543225115762999,-0.11419876185188904,-0.11772814977535218
2020-04-01,0.0202122867797749,0.0198622867797749,-0.0962946931965597,-0.10020421326846762
2020-04-02,-0.008735012026779999,-0.00893501202678,-0.10418856992015257,-0.10824389944455992
2020-04-03,0.03213130265445306,0.03153130265445306,-0.07540498173893861,-0.08012566794399145
2020-04-07,-0.0006012712273620824,-0.0008012712273620824,-0.0759609141203813,-0.08086273677905687
2020-04-08,0.003900720927190565,0.0038007209271905653,-0.07235649552054857,-0.07736935254777233
2020-04-09,-0.01890486239179675,-0.01905486239179675,-0.08989346832137668,-0.09494995257342886
2020-04-10,-0.0028180598458559967,-0.0029180598458559965,-0.09245820299375151,-0.09759094277531444
2020-04-13,0.026712536491297668,0.02661253649129767,-0.06821545962384423,-0.07357554880984496
2020-04-14,0.0008989666582184086,0.0006989666582184086,-0.06737781638940266,-0.07292800900710472
2020-04-15,0.006687657171995237,0.006587657171995237,-0.06114075895441751,-0.0668207765566845
2020-04-16,0.011620125110891704,0.011320125110891704,-0.05023109711195106,-0.05625707099642141
2020-04-17,0.020614880520521156,0.020364880520521156,-0.030651724656807544,-0.037037859005176754
2020-04-20,-0.003007760382031005,-0.003157760382031005,-0.033567291995774906,-0.040078662703405876
2020-04-21,0.003218922303142813,0.002918922303142813,-0.030456420197493284,-0.037276726902708224
2020-04-22,0.003494611243617313,0.0032446112436173126,-0.027068242302338397,-0.034153064146324685
2020-04-23,-0.006805849157631027,-0.007005849157631027,-0.03368986908589755,-0.0409196420882757
2020-04-24,0.005044479469669333,0.004894479469669333,-0.028815337469167868,-0.036225442966713706
2020-04-27,-0.013559035811867065,-0.013609035811867065,-0.04198366508835938,-0.04934148542794592
2020-04-28,-0.001811428030293377,-0.002161428030293377,-0.04371904273089722,-0.051396265388579
2020-04-29,0.028777267222105524,0.028427267222105524,-0.016199890084153346,-0.02443005353689287
2020-04-30,0.016608054908659964,0.016458054908659963,0.00013911616047490583,-0.008374069790764604
2020-05-06,-0.00844494660722057,-0.008694946607220571,-0.008307005275293156,-0.016996204308269314
2020-05-07,0.008405404913045983,0.008205404913045982,2.8575894799098833e-05,-0.008930260133557466
2020-05-08,0.001320936754572849,0.0010209367545728491,0.0013495503963216748,-0.007918440609782862
2020-05-11,0.0032682129133047577,0.0030682129133047576,0.004622173927658846,-0.004874523158210242
2020-05-12,0.00288682695568504,0.00263682695568504,0.0075223442996321666,-0.0022505494765847622
2020-05-13,-0.011011004914207085,-0.011161004914207085,-0.0035714891846244656,-0.013386435997024049
2020-05-14,-0.001551597990980974,-0.001701597990980974,-0.00511754566016176,-0.015065255655406173
2020-05-15,-0.0008178893619717354,-0.0010678893619717354,-0.005931249435978558,-0.016117056991128198
2020-05-18,0.012994599807453166,0.012894599807453166,0.006986276158695848,-0.0034302801836494368
2020-05-19,-0.013781759315139063,-0.013931759315139064,-0.006891766332971394,-0.01731424966088635
2020-05-20,-0.007197947164569851,-0.007297947164569852,-0.014040106927606044,-0.024485838346236966
2020-05-21,-0.024118284337930875,-0.024268284337930875,-0.03781976797452191,-0.04815989339692872
2020-05-22,-0.006365545558133873,-0.006615545558133873,-0.043944570076615896,-0.05445683498622034
2020-05-25,0.019956913360182592,0.01980691336018259,-0.024864654694102706,-0.03572854343847953
2020-05-26,-0.013412214219542602,-0.013512214219542601,-0.03794337883839305,-0.048757985925329206
2020-05-27,0.004065469911538555,0.003965469911538555,-0.034032166591864144,-0.0449858643399248
2020-05-28,0.004933467033347039,0.004683467033347039,-0.029266596130471556,-0.040513087119180335
2020-05-29,0.030221375606139723,0.030071375606139723,7.030268129604167e-05,-0.011659995772765774
2020-06-01,-0.0009456045922114741,-0.0011956045922114742,-0.000875368389453679,-0.012841659620486112
2020-06-02,0.003652894326351369,0.0034028943263513687,0.002774328308674523,-0.00948246410479825
2020-06-03,0.0064333975623894705,0.0062833975623894705,0.009225574228042266,-0.003258648634250294
2020-06-04,0.009991942237915673,0.009741942237915673,0.019309697870756315,0.006451548036896959
2020-06-05,0.0050091860206039115,0.004759186020603911,0.02441560975999635,0.011241438174729446
2020-06-08,0.00823441758114426,0.008134417581144261,0.03285107566740253,0.0194672983081996
2020-06-09,-0.003398307469764483,-0.003498307469764483,0.029341130141807836,0.015900888243347566
2020-06-10,0.0005733928112019726,0.0004233928112019726,0.029931346946105553,0.0163310133763237
2020-06-11,-0.004743020196784825,-0.004843020196784825,0.025046361766238423,0.01140890175192344
2020-06-12,-0.015133519631836673,-0.015333519631836674,0.009533802526906276,-0.004099556498904033
2020-06-15,0.022535120089346373,0.02223512008934637,0.03228376800110477,0.018044409459376354
2020-06-16,-0.006093045527493285,-0.006293045527493285,0.02599401600538176,0.011637809641638519
2020-06-17,0.012406937339547069,0.012256937339547068,0.03872345947271083,0.02403739088473289
2020-06-18,0.018499039119126502,0.018399039119126503,0.05793884538345084,0.04287869489906937
2020-06-19,0.012398030451265701,0.0122480304512657,0.07105520340409166,0.05565190491116945
2020-06-22,-0.0005611327183724701,-0.0007111327183724702,0.07045419928627861,0.05490119630237489
2020-06-23,-0.004799764823268238,-0.004849764823268238,0.06531627087562453,0.04978517358852397
2020-06-24,-0.0025795202974490004,-0.0027295202974490004,0.06256826593169817,0.0469197636492531
2020-06-29,0.012137045199434066,0.012037045199434066,0.07546470500279545,0.05952158416448006
2020-06-30,-0.0012036929497196204,-0.0013036929497196204,0.0741701757197113,0.058140293345128935
2020-07-01,0.010026356656243718,0.009926356656243718,0.08494018901097711,0.06864377128921517
2020-07-02,0.014204352568967377,0.014054352568967376,0.10035106197193122,0.08366286762154473
2020-07-03,0.045515548524999956,0.045465548524999955,0.15043414412765,0.1329321943141326
2020-07-06,0.05144459055030855,0.05129459055030855,0.20961775762739143,0.19104548734273874
2020-07-07,0.02884069864112005,0.02874069864112005,0.24450397884607034,0.22527696676232245
2020-07-08,0.03826158835724845,0.03821158835724845,0.2921206777936365,0.27209674583986243
2020-07-09,0.0010250967219448738,0.0009250967219448738,0.2934452264648,0.2732735583694357
2020-07-10,0.043863944941554246,0.04371394494155425,0.3501808366633683,0.328933368595534
2020-07-13,-0.020874683512819254,-0.021024683512819255,0.32199623901294694,0.300992965111188
2020-07-14,-0.033673189506929435,-0.033873189506929434,0.277480409129216,0.25692418385679483
2020-07-15,-0.051017105238494787,-0.05111710523849479,0.21230705665655547,0.1926738580737779
2020-07-16,0.00394641645962171,0.00379641645962171,0.2170913251790605,0.19720174473952978
2020-07-17,0.03203458209633582,0.03198458209633582,0.2560803371542473,0.23549374223002784
2020-07-20,0.010577715739959914,0.010477715739959915,0.26936679790721785,0.2484388944596132
2020-07-21,0.00656406030367439,0.00641406030367439,0.27769899811616283,0.2564464568141298
2020-07-22,-9.601557463825294e-05,-0.000146015574638253,0.2775763191126439,0.25626299606273584
2020-07-23,-0.06375426434023382,-0.06385426434023382,0.19612538074911345,0.17604524663129184
2020-07-24,-0.0006618347707210703,-0.0007118347707210704,0.19533374338199172,0.17520809673279847
2020-07-27,0.020066545134281754,0.019916545134281753,0.21931996189409664,0.1986141818335505
2020-07-28,0.03563609516855287,0.03553609516855287,0.2627717640970708,0.24120824946956465
2020-07-29,0.001726983647420649,0.0015269836474206492,0.26495255028409104,0.2431035541695481
2020-07-30,0.01757973415868668,0.017379734158686683,0.2871900798414382,0.2647083634727334
2020-07-31,0.04083771495043258,0.04068771495043258,0.3397559814090274,0.31616645686114
2020-08-03,-0.02205255186914696,-0.02240255186914696,0.3102109431370048,0.2866809695428769
2020-08-04,0.008322426723431359,0.008172426723431358,0.32111507770350056,0.2971962754828996
2020-08-05,0.00515701367234554,0.00500701367234554,0.32792808622195935,0.303691354969958
2020-08-06,-0.004862385204667063,-0.005062385204667063,0.32147118834265176,0.2970915671431058
2020-08-07,-0.005451477790548087,-0.005601477790548087,0.3142672175085526,0.28982593753744657
2020-08-10,-0.017519320412075722,-0.01771932041207572,0.2912421490179331,0.2669710984744147
2020-08-11,-0.01835504941846372,-0.01845504941846372,0.2675413355615057,0.24358908424030412
2020-08-12,-0.009303915341091939,-0.009553915341091939,0.25574823828410675,0.23170793941036627
2020-08-13,0.018223634480191854,0.017973634480191854,0.2786325351777412,0.2538462076996786
2020-08-14,0.021854772398505917,0.021754772398505918,0.30657675821537533,0.28112334657091487
2020-08-17,-0.002666496435990712,-0.0029164964359907116,0.30309277594624584,0.2773869548965764
2020-08-18,-0.029659820921244813,-0.029709820921244814,0.2644432775679124,0.23943601721946473
2020-08-19,-0.019555033737044265,-0.019705033737044266,0.23971704661649307,0.21501288868524737
2020-08-20,0.013292945528430217,0.013242945528430217,0.2561965377878326,0.23110323818644662
2020-08-21,0.012403434743482766,0.012253434743482765,0.27177768956927295,0.2461884813780546
2020-08-24,-0.00764435441728697,-0.00764435441728697,0.2620557701702071,0.2366621749556601
2020-08-25,-0.01819582352304803,-0.018295823523048028,0.2390916260999456,0.21403642204504258
2020-08-26,0.0124859364930818,0.012385936493081801,0.25456284545253904,0.22907340006878085
2020-08-27,0.012264308521932171,0.01211430852193217,0.26994919124932215,0.24396277443331416
2020-08-28,-0.0029382555939241107,-0.0030882555939241107,0.2662177559341343,0.24012109943653703
2020-08-31,0.01386201979848869,0.013712019798488689,0.28377009153609123,0.25712566450453456
2020-09-01,-0.003373668613548364,-0.003523668613548364,0.2794390766712638,0.2526959702572338
2020-09-02,-0.007488647468108211,-0.007688647468108211,0.26985780846915075,0.24306443255720622
2020-09-03,-0.0030327009539329653,-0.0032327009539329654,0.2660067094820471,0.2390459769802784
2020-09-04,-0.025648576446560583,-0.025748576446560582,0.23353543961203815,0.2071423069211984
2020-09-07,-0.002742894307287541,-0.002842894307287541,0.2301519822768887,0.20371052892876618
2020-09-08,-0.024489166649125056,-0.024689166649125054,0.20002658537915852,0.17399191908273748
2020-09-09,-0.009362726834348366,-0.009512726834348367,0.18879106426629755,0.1628240546507711
2020-09-10,0.017164583250661343,0.016964583250661344,0.20919616745653857,0.18255088013176568
2020-09-11,0.0032191170491795095,0.0031191170491795097,0.2130887114550004,0.18623939474350704
2020-09-14,0.00681943472089212,0.00666943472089212,0.22136129073341881,0.19415094095009944
2020-09-15,-0.008383243617472131,-0.00848324361747213,0.21112232148825028,0.1840206676019862
2020-09-16,0.0017270100677584555,0.0015770100677584555,0.2132139419307475,0.18588788011522883
2020-09-17,0.02231784918887132,0.022267849188871317,0.24029026772059403,0.21229505258454506
2020-09-18,-0.0005590249105597966,-0.0007090249105597966,0.2395969145646133,0.21143550519331433
2020-09-21,-0.01423666097158155,-0.014336660971581549,0.22194919355053822,0.1940675650664212
2020-09-22,0.007136165351334089,0.007036165351334089,0.230669225046644,0.20246922189489336
2020-09-23,-0.015157629951178858,-0.015257629951178858,0.212015196341083,0.18412239147953913
2020-09-24,0.006817684789809653,0.006767684789809653,0.2202783339101957,0.19213615857762822
2020-09-25,6.01186102508866e-05,-3.9881389749113374e-05,0.22035169534774957,0.19208861453085402
2020-09-28,0.014340707421875997,0.014190707421875996,0.2378524019625219,0.20900519528061068
2020-09-29,-0.003398737589381179,-0.0036487375893811793,0.2336452664738662,0.2045938525788331
2020-09-30,0.024812783319177568,0.02461278331917757,0.2642554391636114,0.2342422600599694
2020-10-09,0.03262404087301346,0.03232404087301346,0.30550056028481465,0.27413795732134827
2020-10-12,-0.0017943624952621085,-0.0020943624952621085,0.3031580190418959,0.2714694505697446
2020-10-13,-0.009220268755594613,-0.009470268755594613,0.29114255187532145,0.25942829315832094
2020-10-14,-0.002202977188506694,-0.002552977188506694,0.2882981942864298,0.2562130014553279
2020-10-15,-0.01017087049099481,-0.01047087049099481,0.27519508019855987,0.24305935780798515
2020-10-16,-0.005817804148651023,-0.006117804148651023,0.26777624497064134,0.23545456411176802
2020-10-19,0.012138483531110073,0.011938483531110072,0.2831651260413499,0.2502040180788512
2020-10-20,-0.019464728568684437,-0.01976472856868444,0.2581886651541534,0.22549407500604413
2020-10-21,-0.0013779836278451252,-0.001577983627845125,0.2564549017728306,0.22356026541966334
2020-10-22,-0.008385840216815127,-0.008585840216815127,0.2459184717269296,0.21305497248512628
2020-10-23,0.0026369868618801528,0.002486986861880153,0.24920394236784715,0.21607182426443527
2020-10-26,0.007358034071036001,0.007108034071036001,0.25839562753746215,0.2247157042241339
2020-10-27,0.013641660130935613,0.013441660130935612,0.27556223299858384,0.241177916477334
2020-10-28,0.007244537295231263,0.0071445372952312625,0.28480309116793046,0.2500455583916237
2020-10-29,-0.003722690229856468,-0.003972690229856468,0.28002016725315015,0.24507951461492583
2020-10-30,0.01758277680396903,0.017382776803969033,0.30252647615854156,0.26672245392067095
2020-11-02,0.013153427611678054,0.013003427611678053,0.31965916387498705,0.28319418765431537
2020-11-03,-0.0036906922810097777,-0.003940692281009778,0.3147887079853098,0.27813751422398947
2020-11-04,0.029226427028559675,0.029076427028559674,0.3532152842172165,0.315301186388788
2020-11-05,0.0024977007457830215,0.0023477007457830216,0.3565952110418107,0.3183891199650024
2020-11-06,0.034094975829464386,0.033844975829464385,0.4028482919726484,0.3630099678640466
2020-11-09,-0.00412730812073126,-0.004327308120731259,0.3970583048250358,0.3571118037614709
2020-11-10,-0.02059008596320322,-0.02079008596320322,0.3682927542330814,0.3288973326995921
2020-11-11,0.005179471242980155,0.0050794712429801546,0.37537978720560994,0.3356474284859128
2020-11-12,0.009687145231832284,0.009537145231832283,0.38870329095319733,0.3483856919899062
2020-11-13,0.005622128440899643,0.005422128440899643,0.39651075922123624,0.35569681239974704
2020-11-16,-0.010107384519909168,-0.01025738451990917,0.38239568799159707,0.3417909089025477
2020-11-17,-0.006171911534804264,-0.0063719115348042634,0.3738636640992181,0.33324113593281623
2020-11-18,0.0043079360762834865,0.004207936076283486,0.37978218094168614,0.33885132940709295
2020-11-19,0.019066476937330747,0.018966476937330747,0.40608976607315084,0.36424462226880716
2020-11-20,0.022516027454530102,0.0223660274545301,0.4377493218495878,0.3947573549451664
2020-11-23,-0.00048812110243446336,-0.0006381211024344634,0.43704752606558217,0.3938673308442002
2020-11-24,-0.010470929961592068,-0.010570929961592068,0.42200030206867023,0.37913285691409504
2020-11-25,-0.0002964338805470923,-0.0003964338805470923,0.4215787730009888,0.37858612192383867
2020-11-26,-8.438187751274583e-05,-0.0002843818775127458,0.42145881751509084,0.37819407701417296
2020-11-27,-0.0003365937304969591,-0.0005865937304969591,0.4209803633889555,0.37738563700918837
2020-11-30,0.025622317058292727,0.025422317058292728,0.4573891727933155,0.41240197138477463
2020-12-01,0.004053671965439492,0.003853671965439492,0.4632969504258029,0.4178449052658315
2020-12-02,-0.006817137702817261,-0.007017137702817261,0.4533214536146377,0.4078956923243433
2020-12-03,-0.000936988758405316,-0.001036988758405316,0.4519597077502515,0.4064357203183957
2020-12-04,-0.00949737737431448,-0.00964737737431448,0.4381698984734481,0.3928673041717683
2020-12-07,0.009166520874679012,0.008966520874679012,0.4513529128691398,0.4053564779302823
2020-12-08,-0.0197589868794582,-0.0198089868794582,0.4226756497062951,0.3775177898979998
2020-12-09,-0.0004504202011712588,-0.0007504202011712588,0.42203484785395307,0.3764840727209875
2020-12-10,-0.010366857545943225,-0.010516857545943226,0.4072928151608841,0.362007785813921
2020-12-11,0.02008322839729091,0.01993322839729091,0.43555579818962675,0.3891569980874383
2020-12-14,0.010700476916745355,0.010650476916745356,0.45091692987085485,0.40395218262930377
2020-12-15,-0.013200282019457499,-0.0133502820194575,0.4317644172097541,0.3852090250493696
2020-12-16,0.009073263584735642,0.00892326358473564,0.4447551931583438,0.39756961029983984
2020-12-17,-0.004679736637406717,-0.004829736637406717,0.43799411934883703,0.3908197171496486
2020-12-18,0.024511656458492764,0.024361656458492763,0.47324173719164864,0.4247023892945463
2020-12-21,-0.030699172879837044,-0.030899172879837043,0.42801443440781073,0.3806802638654172
2020-12-22,0.01892503216569678,0.01882503216569678,0.455039653512058,0.4066716142432265
2020-12-23,0.0022806543215879104,0.0021306543215879104,0.4583580959859219,0.409668745197169
2020-12-24,0.01670453985133155,0.016504539851331552,0.48271929691783066,0.43293467917945216
2020-12-25,-0.007833064235941068,-0.007933064235941067,0.4711050614212038,0.4215671163236139
2020-12-28,-0.00478533983969342,-0.00513533983969342,0.46406532376241016,0.4142668860763592
2020-12-29,0.006300467527999248,0.0061004675279992485,0.4732896197936449,0.42289457529079266
2020-12-30,0.02448262438257761,0.02443262438257761,0.5093596161618033,0.45765962398488
2020-12-31,0.013004434771169415,0.012954434771169416,0.5289879848364165,0.47654278050235943
2021-01-04,0.0172365207515006,0.0171365207515006,0.5553424179658446,0.5018455865009166
2021-01-05,0.0110470794871392,0.0107970794871392,0.5725244092868325,0.5180611326757762
2021-01-06,0.024819497678029316,0.024669497678029315,0.6115536752117716,0.5555109382634278
2021-01-07,-0.0019156719331238636,-0.002165671933123864,0.6084664670674458,0.5521422118827635
2021-01-08,-0.016490684961751757,-0.016590684961751756,0.5819417532874946,0.5263911094295799
2021-01-11,0.023217179458999447,0.023167179458999446,0.6186699788672547,0.5617532861863561
2021-01-12,0.006179334886738391,0.006029334886738391,0.6286722827377853,0.5711696197592377
2021-01-13,-0.02248426127333252,-0.022534261273332523,0.5920527896040741,0.5357644730428606
2021-01-14,2.0189725363872756e-05,-7.981027463612722e-05,0.5920849327126609,0.5356419032584907
2021-01-15,0.020793898995440326,0.020693898995440326,0.6251905859956506,0.5674203216976876
2021-01-18,-0.01650826639467689,-0.01665826639467689,0.5983615068599135,0.5413098164264174
2021-01-19,0.023057540604242654,0.022957540604242654,0.6352157922045942,0.5766944991207446
2021-01-20,0.012561178116795458,0.012411178116795457,0.6557560290298727,0.5962631353851038
2021-01-21,0.014395095415537,0.014295095415537001,0.6795907950526083,0.6190818692137381
2021-01-22,0.0007498485590999415,0.0005998485590999415,0.6808502337901561,0.6200530731400506
2021-01-25,-0.019799403759362948,-0.019999403759362946,0.6475704013523251,0.587652977618726
2021-01-26,0.002551689278473718,0.0023516892784737177,0.6517744890809867,0.5913866441041287
2021-01-27,-0.024352230151684723,-0.024502230151684724,0.6115500965642049,0.5523941222899722
2021-01-28,-0.02567286780701734,-0.02577286780701734,0.570176983970726,0.512384473791802
2021-01-29,0.004042200485287662,0.0038422004852876617,0.5765239541373199,0.5181953581509462
2021-02-01,0.011021110325474304,0.010821110325474304,0.5938989985666203,0.5346239176171206
2021-02-02,0.000605279169370404,0.000455279169370404,0.5948637524285332,0.5353225999196292
2021-02-03,0.0012638071142742568,0.0011138071142742568,0.5968793525851506,0.5370326531541256
2021-02-04,-0.002856053894080801,-0.003056053894080801,0.5923185790918224,0.5323353985291246
2021-02-05,0.01590268828750367,0.015752688287503668,0.6176407251095206,0.5564738004140615
2021-02-08,0.010257249179441624,0.010057249179441624,0.6342332691097818,0.5721276452660984
2021-02-09,0.007972607896290168,0.007822607896290168,0.6472623701754665,0.5844257833979332
2021-02-10,0.003870978854494006,0.003670978854494006,0.6536388879782193,0.5902421769453021
2021-02-18,-0.0063522957461752075,-0.0066522957461752075,0.6431344847044054,0.5796634156762206
2021-02-19,-0.008104943135464676,-0.008304943135464676,0.629816973141955,0.5665444008358556
2021-02-22,-0.010148398110062101,-0.0104983981100621,0.6132769416519741,0.5500981940587919
2021-02-23,-0.014994419894082234,-0.015144419894082235,0.5890867897834036,0.526622856130907
2021-02-24,-0.0036806933873298254,-0.0038306933873298254,0.5832378485443546,0.5207748320509797
2021-02-25,-0.030349701567856973,-0.030499701567856974,0.5351870523300974,0.47439165352151713
2021-02-26,0.021547776096949696,0.021447776096949697,0.5682669192006427,0.5060140755854579
2021-03-01,-0.003922149648913376,-0.004022149648913376,0.5621159416540975,0.49995666160008323
2021-03-02,0.014071066060485932,0.014021066060485933,0.5840965782632506,0.5209876530402442
2021-03-03,-0.03757086166497416,-0.037620861664974165,0.5245807048573632,0.46376678695108353
2021-03-04,-0.011125250142914694,-0.011275250142914695,0.5076193631527639,0.4472624502773195
2021-03-05,-0.04040251055342256,-0.04065251055342256,0.44670775592244016,0.38842759824384854
2021-03-08,-0.017020669915882254,-0.017370669915882254,0.42208382074413753,0.3643096807326536
2021-03-09,0.0015413195320471418,0.0012913195320471418,0.4242757063132585,0.3660714404711447
2021-03-10,0.026998875313187065,0.026948875313187064,0.4627295485196117,0.40288552938930744
2021-03-11,-0.004259241950123571,-0.004359241950123572,0.45649942946487165,0.39677001193837214
2021-03-12,-0.02682039924053271,-0.02697039924053271,0.41743553327301575,0.35909856706919063
2021-03-15,-0.0042996823415159206,-0.00449968234151592,0.41134101074036455,0.3529830552465698
2021-03-16,0.017444960939572145,0.017194960939572144,0.4359617995451466,0.37624754603343735
2021-03-17,0.015181542833740635,0.014981542833740634,0.4577619151125567,0.3968658575941677
2021-03-18,-0.014779526413942512,-0.014979526413942512,0.4362168843829113,0.37594146858360133
2021-03-19,0.011259340673734875,0.011059340673734874,0.4523877395655487,0.3911584740317866
2021-03-22,-0.02339484647351439,-0.023544846473514392,0.41840935137839796,0.3584038613403797
2021-03-23,-0.020017031082737807,-0.020117031082737807,0.3900170073038107,0.3310768086388842
2021-03-24,0.005823379806477319,0.005673379806477319,0.39811160427480363,0.3386285129258866
2021-03-25,0.02143105395329343,0.02133105395329343,0.42807460949874243,0.36718286995852556
2021-03-26,0.005328570488662354,0.005178570488662354,0.4356842057185253,0.37426292282149753
2021-03-29,0.005318416188964436,0.005218416188964436,0.4433197718404591,0.3814343987058426
2021-03-30,-0.002404485258754074,-0.002404485258754074,0.43984933072540056,0.3781127600582186
2021-03-31,0.007647541550402276,0.007497541550402276,0.4508606383084419,0.38844521773789453
2021-04-01,0.006919881735724653,0.006819881735724653,0.4609004223405542,0.3979142499193993
2021-04-02,0.010806671051643508,0.010606671051643507,0.47668789264399547,0.4127414665266993
2021-04-06,-0.004750889475275771,-0.0050008894752757715,0.469672311676566,0.4056765025954603
2021-04-07,-0.006443639321584893,-0.006693639321584894,0.4602022733792024,0.39626741108425945
2021-04-08,-0.0011912201750652219,-0.0013412201750652218,0.458462850971477,0.3943947090627271
2021-04-09,-0.021944196764028662,-0.022194196764028663,0.4264580551967325,0.3634472385230685
2021-04-12,-0.0045601345505228265,-0.0047101345505228265,0.4199532145343583,0.35702521857708613
2021-04-13,0.013818329000313628,0.013618329000313628,0.4395745952178469,0.3755056344653913
2021-04-14,0.0007007727527980178,0.0006007727527980179,0.44058340986979605,0.37633200077189843
2021-04-15,0.0032098626773221393,0.0030598626773221393,0.4452074847907064,0.3805433876926645
2021-04-16,0.02521919503636476,0.02506919503636476,0.4816544542176573,0.4151524991348958
2021-04-19,-0.008305934645732904,-0.008555934645732904,0.4693479291533664,0.4030445468385522
2021-04-20,0.005121684392414072,0.0049216843924140725,0.4768734655091371,0.40994988928658915
2021-04-21,0.00588577398842306,0.00588577398842306,0.48556600893662294,0.41824853566993214
2021-04-22,-0.00293696673898578,-0.00318696673898578,0.48120295097980814,0.41372862475913674
2021-04-23,-0.0028374973111149502,-0.00293749731111495,0.4770000415891875,0.40957580072526056
2021-04-26,-0.001471508669205751,-0.0016715086692057509,0.47482662322357183,0.40721968255444563
2021-04-27,0.00672126074961239,0.0065212607496123905,0.4847393175187278,0.4163965290363698
2021-04-28,0.011722145289555518,0.011672145289555519,0.5021436475157979,0.4329289151109046
2021-04-29,-0.007808725646689491,-0.008008725646689491,0.49041381989042954,0.42145298055857294
2021-04-30,0.005020687899184417,0.004870687899184417,0.4978967225207305,0.4283764343902392
2021-05-06,-0.00856185345381245,-0.008761853453812451,0.4850719502935621,0.41586120939523274
2021-05-07,0.008888168868141848,0.008688168868141848,0.49827152056911217,0.4281624506763102
2021-05-10,-0.006423262697262328,-0.006523262697262328,0.4886477290006701,0.41884617183618267
2021-05-11,0.009176678958424878,0.009076678958424879,0.5023085712918975,0.4317245830293299
2021-05-12,-0.01988970113888865,-0.02013970113888865,0.47242810279051084,0.4028900778139193
2021-05-13,0.01707868560625051,0.01677868560625051,0.4975752394358779,0.4264287293696871
2021-05-14,0.021493442267274517,0.021393442267274517,0.5297632863855928,0.45694495003983926
2021-05-17,0.016458647482407385,0.016308647482407384,0.5549411210477422,0.4807057516313127
2021-05-18,-0.0077917918680182,-0.0079417918680182,0.5428253434655153,0.4689462947340792
2021-05-19,-0.005032209147959538,-0.005132209147959538,0.5350615236584242,0.4614073551223836
2021-05-20,-0.004075330031416358,-0.0043753300314163576,0.5288056413309872,0.4550132156333839
2021-05-21,0.006193957445280096,0.005993957445280096,0.5382749984154953,0.46373450293021046
2021-05-24,0.017394045511609058,0.017244045511609057,0.5650318237473049,0.48897520731565125
2021-05-25,0.004101881968435678,0.003951881968435678,0.571451399565162,0.4948594615888897
2021-05-26,0.015276126527650657,0.015076126527650656,0.5954570899769731,0.5173961519728596
2021-05-27,0.00699202168817113,0.00679202168817113,0.6066125605526385,0.5277023395466067
2021-05-28,0.004889117790984621,0.004689117790984621,0.6144674786056559,0.5348659157663036
2021-05-31,0.0034825490502437494,0.0033325490502437495,0.6200899407899234,0.5399809317161421
2021-06-01,-0.013834675089939847,-0.014034675089939847,0.5976765228426149,0.5183677996948033
2021-06-02,-0.01002447543245143,-0.01022447543245143,0.5816606537903746,0.5028432854293985
2021-06-03,-0.004480472613463737,-0.004680472613463737,0.5745740665472736,0.49580926858961827
2021-06-04,0.007671693614900671,0.007521693614900671,0.5866537163597925,0.5070602876142782
2021-06-07,0.0012396674038877287,0.0010896674038877287,0.588620639253221,0.5087024820853854
2021-06-08,5.191995262109894e-05,-9.808004737890108e-05,0.5887031203615436,0.5085545084744618
2021-06-09,0.010572976228861625,0.010372976228861625,0.6055004406878444,0.5242027085308094
2021-06-10,0.005554635804709623,0.005304635804709623,0.614418410920166,0.5322880487921171
2021-06-11,-0.0010064593228527596,-0.0012064593228527595,0.6127935644595104,0.5304394055903559
2021-06-15,-0.016142754600205773,-0.01634275460020577,0.5867586337276494,0.5054278099543079
2021-06-16,0.013489338511906234,0.013339338511906234,0.6081629580746912,0.5255092211165262
2021-06-17,0.008285248060317607,0.008235248060317607,0.621486987103754,0.5380721679707228
2021-06-18,0.0007849050634110455,0.0007349050634110455,0.6227597004501868,0.5392025049948561
2021-06-21,0.013827911535576753,0.013727911535576754,0.6451990780315111,0.5603325408187638
2021-06-22,0.013115158762829798,0.012915158762829797,0.6667761251363555,0.5804844833062477
2021-06-23,-0.0021245582992880097,-0.0023245582992880097,0.663234962086642,0.5768105549836822
2021-06-24,0.014079064278750298,0.013879064278750297,0.6866517540285246,0.5986952100317127
2021-06-25,0.004907766944426417,0.004757766944426417,0.6949294477537047,0.6063014292562143
2021-06-28,-0.012122221241410996,-0.012272221241410997,0.6743831379994516,0.5865885427359874
2021-06-29,0.007087992022036277,0.006887992022036277,0.6862511523234238,0.5975169519606072
2021-06-30,-0.004634528714250785,-0.004734528714250785,0.6784361729385424,0.5899534620800473
2021-07-01,-0.014917976226327095,-0.015067976226327096,0.6533973020132378,0.5659960811124587
2021-07-02,-0.0034096816526961783,-0.003509681652696178,0.6477597435679459,0.5604999333983842
2021-07-05,0.005633808688825992,0.005483808688825992,0.6570429067283565,0.5690574164920668
2021-07-06,0.025142175208345097,0.024992175208345097,0.6987045698170664,0.6082715743569898
2021-07-07,-0.005858090182678427,-0.005958090182678427,0.6887534052533499,0.5986893472787325
2021-07-08,0.006317411842936255,0.006267411842936255,0.6994219560154964,0.6087089918270432
2021-07-09,0.027384328052049416,0.027284328052049417,0.7459594843578801,0.6526015357003339
2021-07-12,0.005934708458982779,0.0057347084589827796,0.7563212448787398,0.6620787237064425
2021-07-13,-0.005851233294096076,-0.006051233294096075,0.7460445995355769,0.6520210975961414
2021-07-14,0.00423180544758196,0.0040318054475819605,0.7534335205836127,0.6586817252569497
2021-07-15,-0.005889436446805607,-0.0062394364468056065,0.743106785300437,0.6483324860467312
2021-07-16,-0.011422347865971221,-0.011672347865971221,0.7231964132312005,0.6290925758708126
2021-07-19,0.004194175419144464,0.004044175419144464,0.7304238012699329,0.63568091202166
2021-07-20,0.021132340378663912,0.02098234037866391,0.7669917060377105,0.670001325668582
2021-07-21,0.01070820516236326,0.01050820516236326,0.7859130157461565,0.6875500422201262
2021-07-22,0.0011293520293001237,0.0008793520293001237,0.7879299402346429,0.6890339927742981
2021-07-23,-0.016110784620775736,-0.016360784620775736,0.7591249860504861,0.661400071401349
2021-07-26,-0.00833742281595557,-0.00853742281595557,0.7444584172556712,0.647215996525337
2021-07-27,-0.019725948343089727,-0.019975948343089727,0.7100473206302178,0.6143112948688358
2021-07-28,0.03272230058749891,0.032522300587498915,0.7660040030747268,0.6668124120423546
2021-07-29,0.005610757652340587,0.005560757652340587,0.7759126235490423,0.6760811519176355
2021-07-30,0.017272382866017455,0.017172382866017456,0.806586866319575,0.7048634591728808
2021-08-02,-0.018477697894100115,-0.018677697894100113,0.7732052999842729,0.6730205345317593
2021-08-03,0.027723266639449,0.027623266639449,0.822364343322221,0.7192348268504034
2021-08-04,-0.00027962516954584403,-0.000379625169545844,0.8218547643837453,0.7185821620377713
2021-08-05,0.0018697509217844132,0.0017697509217844132,0.8252611790088091,0.7216236244031999
2021-08-06,-0.0032592918937979663,-0.0033092918937979664,0.8193121200440017,0.7159262692987913
2021-08-09,0.007406261739951625,0.007106261739951625,0.8327864217917136,0.728120090494887
2021-08-10,-0.009483661864207765,-0.009833661864207765,0.8154048950981296,0.7111263418642162
2021-08-11,0.011809031103832468,0.011609031103832467,0.8368430679703929,0.7309908607895048
2021-08-12,-0.002642066501331691,-0.002792066501331691,0.8319900064323049,0.7261578191929832
2021-08-13,-0.0007433138061454292,-0.0009433138061454292,0.8306282629678032,0.7245295106905525
2021-08-16,-0.014874782536701348,-0.015024782536701349,0.8033980656506177,0.698618829814303
2021-08-17,0.017797329389980864,0.017597329389980865,0.8354937350462561,0.7285099848705692
2021-08-18,-0.0046851712262775454,-0.004935171226277546,0.8268941326128048,0.7199794921289027
2021-08-19,-0.003540797556004921,-0.003640797556004921,0.8204254703329696,0.7137173949975812
2021-08-20,0.01403988104127773,0.01383988104127773,0.8459840273809565,0.7374350398827161
2021-08-23,0.023856020017308875,0.023506020017308876,0.8900218592897888,0.7782752227089731
2021-08-24,0.011785065158639857,0.011435065158639858,0.9122958900527725,0.798609915750645
2021-08-25,-0.01462075467470168,-0.01477075467470168,0.8843366809788706,0.7720430899296065
2021-08-26,0.007901421301334288,0.007701421301334288,0.8992256189688426,0.7856903403292725
2021-08-27,-0.0060549371610182316,-0.006154937161018232,0.8877259271913902,0.7746995284955087
2021-08-30,0.0029947189851348087,0.002694718985134809,0.8933791358642813,0.7794818450078553
2021-08-31,-0.0041550648104784925,-0.004355064810478492,0.8855120228439575,0.7717320862437762
2021-09-01,0.009520231852636979,0.009370231852636978,0.9034625344623666,0.7883336266726366
2021-09-02,-0.002643719277926793,-0.0027437192779267926,0.898430313865197,0.7834269412257702
2021-09-03,0.0260145663832164,0.025864566383216398,0.9478171552891534,0.8295545057367208
2021-09-06,0.008194112698980998,0.007994112698980997,0.9637777885766015,0.8441801706445089
2021-09-07,0.0061146729172708025,0.006014672917270802,0.9757856474359485,0.8552723111714522
2021-09-08,-0.0019010355457348526,-0.002051035545734853,0.97202960868942,0.851467081714222
2021-09-09,0.011297465540669743,0.011097465540669742,0.994308545238769,0.8720136738532298
2021-09-10,-0.0061398902938371355,-0.006389890293837136,0.9820637095589411,0.8600517118487445
2021-09-13,-0.007118187223576622,-0.0073681872235766225,0.9679550089852438,0.846346502590309
2021-09-14,-0.0068341478183064465,-0.006934147818306447,0.954505713554062,0.8335436630175346
2021-09-15,-0.024925318806862395,-0.024975318806862396,0.9057890355338929,0.7877503254873692
2021-09-16,0.01045872261216595,0.01030872261216595,0.9257211544138493,0.8061797476926278
2021-09-17,-0.0031055032464143593,-0.0033555032464143595,0.9197408211171283,0.8001191056856374
2021-09-22,0.010248645077602248,0.010098645077602247,0.9394155634337424,0.8182978696313672
2021-09-23,-0.0023763832467752046,-0.0025763832467752047,0.9348067687802633,0.8136132374624019
2021-09-24,-0.009430984365570893,-0.009580984365570894,0.9165596363934958,0.7962370373890824
2021-09-27,-0.002279299609421653,-0.0024792996094216532,0.9121912227628308,0.791783627603855
2021-09-28,-0.01828986609673509,-0.01853986609673509,0.8772175013471464,0.7585641990737573
2021-09-29,0.009309909784485603,0.009109909784485603,0.8946942269305456,0.7745845602775454
2021-09-30,0.008343228887650328,0.008143228887650327,0.910502094537937,0.7890354085323759
2021-10-08,0.004147052573413912,0.003847052573413912,0.9184250471656032,0.795917921804699
2021-10-11,-0.022407789903238516,-0.022707789903238518,0.8754373817636059,0.7551365949528972
2021-10-12,0.007209981839343693,0.006959981839343693,0.8889592512269475,0.767352313779337
2021-10-13,-0.00017820267049440398,-0.00037820267049440393,0.8886226336439238,0.7666838964145613
2021-10-14,0.005850960352301776,0.005600960352301776,0.8996728897938342,0.7765790228734291
2021-10-15,-6.968089777729115e-05,-0.0002696808977772911,0.8995405188813903,0.7760999134475683
2021-10-18,0.006029566807853631,0.005929566807853631,0.9109939253442105,0.7866314165417787
2021-10-19,-0.007632148503196901,-0.007782148503196901,0.8964089359172762,0.7727275855377735
2021-10-20,-0.004365165037382229,-0.004565165037382229,0.8881307979336308,0.7646347915434735
2021-10-21,0.0025178825924299154,0.0022678825924299156,0.8928848896019788,0.768636776069211
2021-10-22,0.011391651904585692,0.011291651904585693,0.9144479753597747,0.788607606890233
2021-10-25,-0.0021950537090667742,-0.002345053709066774,0.9102456592306458,0.78441322598763
2021-10-26,-0.015566851482000344,-0.015666851482000345,0.8805091487592667,0.7564570889935647
2021-10-27,-0.014025720091437599,-0.014125720091437598,0.8541336538093818,0.7316458678018203
2021-10-28,0.011053860646883889,0.010853860646883888,0.8746289888392884,0.7504409107406937
2021-10-29,0.0009063710594790942,0.0007063710594790942,0.8763280983020327,0.7516773715413692
2021-11-01,-0.015003634049366377,-0.015203634049366378,0.8481763581585655,0.7250455098118982
2021-11-02,-0.0006384793016199153,-0.0008384793016199153,0.846996335808138,0.7235990948575686
2021-11-03,0.006407929628783804,0.006307929628783804,0.8588317583526182,0.7344714366561655
2021-11-04,-0.009353269789217411,-0.009503269789217412,0.8414456034239808,0.7179882866519305
2021-11-05,0.015062771950869264,0.014762771950869264,0.8691828786082871,0.7433505559420375
2021-11-08,0.0007981118841602463,0.0005981118841602463,0.8706746956773732,0.7443932746278037
2021-11-09,-0.012543802809685884,-0.012793802809685884,0.847209321173727,0.7220758510496734
2021-11-10,0.012412173534904003,0.012212173534904003,0.8701372038234276,0.7431061401829597
2021-11-11,0.004075423908406395,0.0037754239084063952,0.87775880569589,0.7496871047794966
2021-11-12,-0.011979164077170696,-0.012179164077170696,0.8552648248651069,0.7283773784466774
2021-11-15,-0.00024667413228198767,-0.0003966741322819877,0.8548071790242802,0.7276917758498263
2021-11-16,0.009540099741604607,0.009390099741604607,0.872502224513616,0.7439149739478059
2021-11-17,-0.0034836320105477046,-0.0037836320105477045,0.8659791158244787,0.7373166414287036
2021-11-18,0.012876084342215266,0.012776084342215267,0.890005620300647,0.7595127453687309
2021-11-19,0.008648918656014987,0.008498918656014987,0.9063521251700386,0.7744667010658413
2021-11-22,0.005290470326939545,0.005140470326939545,0.9164376245209489,0.7835882944888124
2021-11-23,0.0018455452753762148,0.0017455452753762147,0.9199744969244368,0.7867016286094739
2021-11-24,0.002096279605429907,0.0018962796054299072,0.9239993003052849,0.7900897144687944
2021-11-25,-0.003979883393932631,-0.004179883393932631,0.9163420074400619,0.7826073481976368
2021-11-26,0.0036094019921107724,0.0034094019921107723,0.9232588560992814,0.7886849732417329
2021-11-29,-0.005583396077502684,-0.005983396077502684,0.9125205401461143,0.7779825625889505
2021-11-30,-0.0018261708099197803,-0.0020261708099197804,0.9090279509623276,0.7743800662200864
2021-12-01,-0.007832662268452723,-0.007982662268452723,0.8940751797614035,0.7602157894155768
2021-12-02,0.006355777591736217,0.005955777591736217,0.9061135003459948,0.7706992431707984
2021-12-03,-0.0028366578607792125,-0.0030866578607792123,0.900706508501701,0.7652337004327894
2021-12-06,0.005266608402397277,0.005066608402397277,0.9107167853698674,0.7741774483315971
2021-12-07,0.014948336163279558,0.014798336163279557,0.9392788221903972,0.8004323226253176
2021-12-08,0.005802200416954456,0.005602200416954456,0.9505309065811012,0.8105187053338274
2021-12-09,0.003535389226101071,0.003385389226101071,0.957426792533405,0.8166480158525191
2021-12-10,0.0062689347110725215,0.006168934711072521,0.969697773297501,0.8278547988553127
2021-12-13,-0.0091786460062105,-0.009278646006210499,0.9516186146971821,0.810894781225981
2021-12-14,0.004643360172422012,0.004543360172422011,0.9606806828444245,0.8191223284514502
2021-12-15,0.006996739882530012,0.006846739882530012,0.9743990555749882,0.8315773858488595
2021-12-16,-0.016033563730843303,-0.016133563730843303,0.9427424024873097,0.8020275153662957
2021-12-17,-0.02080818604669283,-0.02090818604669283,0.9023174571355546,0.7643503888137575
2021-12-20,0.01790522553362018,0.01775522553362018,0.9363788802421098,0.7956768278874762
2021-12-21,0.0058161647935161655,0.005716164793516165,0.9476411789122823,0.8059412125515795
2021-12-22,0.003909868784756276,0.003709868784756276,0.9552562003616174,0.8126410174831296
2021-12-23,-0.012168527154402475,-0.012368527154402476,0.9314636121937032,0.7902213178372057
2021-12-24,-0.011424018322812961,-0.01152401832281296,0.9093985364981558,0.7695907745685595
2021-12-27,0.012508127094872229,0.012358127094872228,0.9332815360674376,0.7914596022665912
2021-12-28,-0.0044523310589261785,-0.004652331058926178,0.924673926638756,0.7831251391181548
2021-12-29,0.011218932046972208,0.010968932046972208,0.9462667126342954,0.8026841176003896
2021-12-30,0.00379741007734552,0.00364741007734552,0.953657485462055,0.8092592458171961
2021-12-31,-0.010210972872460566,-0.010410972872460567,0.9337087418759225,0.7904230968897448
2022-01-04,-0.02633753356449283,-0.02653753356449283,0.882779622982812,0.74290968386139
2022-01-05,-0.0009314186074171671,-0.000981418607417167,0.8810259670082998,0.7411991598666008
2022-01-06,-0.014762329053542994,-0.014912329053542995,0.8532576427250644,0.7152338250469175
2022-01-07,0.007041800032427131,0.0069918000324271316,0.8663079124537014,0.7272263969605006
2022-01-10,-0.01438964291302856,-0.01443964291302856,0.8394524080277328,0.702285864558434
2022-01-11,0.01884552720283273,0.01869552720283273,0.8741178584215357,0.7341109962462837
2022-01-12,-0.013362112101884338,-0.01351211210188434,0.8490756855051638,0.7106794940678938
2022-01-13,0.0072185120280324425,0.007118512028032442,0.862423260581725,0.7228569866225245
2022-01-14,0.008043505961418207,0.007893505961418206,0.8774036731808978,0.7364563685171004
2022-01-17,0.003660441718157631,0.003560441718157631,0.8842757999080315,0.7426389202133292
2022-01-18,-0.013584002304946002,-0.013734002304946003,0.8586797930989267,0.7187055132664306
2022-01-19,-0.009492630849532706,-0.009692630849532707,0.8410360319555528,0.7020467351872823
2022-01-20,-0.015714925565374405,-0.015864925565374405,0.8121042877501992,0.6750438904247476
2022-01-21,0.011454894218338507,0.011354894218338508,0.8328617506789755,0.6940638366115948
2022-01-24,-0.03251625514203415,-0.03266625514203415,0.7732639503538226,0.6387251150979472
2022-01-25,0.016196213312098785,0.015946213312098785,0.801984111552408,0.6648565753431928
2022-01-26,-0.025163522222449435,-0.025213522222449436,0.7566398443168583,0.622879677083586
2022-01-27,-0.012936386858710219,-0.01313638685871022,0.7339152717193509,0.6015609018202774
2022-01-28,0.02237283011295611,0.02217283011295611,0.7727078635237883,0.637072039611891
2022-02-07,-0.008107296703755013,-0.008257296703755013,0.7583359949051214,0.6235542500553943
2022-02-08,0.016229296152319588,0.015979296152319588,0.7868725505017202,0.6494975042363864
2022-02-09,-0.005219095611099156,-0.005369095611099156,0.7775466918158032,0.6406411944258719
2022-02-10,-0.018660379350359284,-0.018860379350359283,0.7443769962335443,0.6096980791211732
2022-02-11,-0.01940445326464213,-0.01960445326464213,0.7105283143342136,0.578140828358858
2022-02-14,0.02235711586508865,0.02215711586508865,0.7487707940482984,0.6131078775442322
2022-02-15,-0.007377102218761411,-0.007677102218761411,0.7358699331434195,0.6007238834784359
2022-02-16,0.01692801430650507,0.01677801430650507,0.7652547642059035,0.6275808516962014
2022-02-17,-0.0041693671412495244,-0.004419367141249525,0.7578947689960893,0.6203879743604881
2022-02-18,-0.004266972608698438,-0.004416972608698438,0.7503938801678087,0.6132307650622735
2022-02-21,-0.007511999934290109,-0.007711999934290109,0.7372449214550063,0.6007895295081185
2022-02-22,0.018812719630647727,0.018662719630647726,0.7699272230921061,0.6306646156850049
2022-02-23,-0.011220968425497801,-0.011370968425497802,0.7500669256063606,0.6121223798274742
2022-02-24,0.007406052008843261,0.007206052008843261,0.7630280122763577,0.6237394175411313
2022-02-25,0.013337936461947596,0.013187936461947596,0.7865431678847337,0.6451531898104235
2022-02-28,-0.008720687667855909,-0.00892068766785591,0.7709632829124691,0.6304772920383479
2022-03-01,-0.0013597289484443774,-0.0016097289484443774,0.768555252870061,0.6278526655415726
2022-03-02,-0.005016691711690685,-0.005116691711690685,0.7596829563913206,0.6195234452999423
2022-03-03,-0.010408017078923726,-0.010858017078923726,0.7413681461277088,0.6019386320711582
2022-03-04,-0.0231267110277392,-0.0234767110277392,0.7010960282193033,0.5643303817218517
2022-03-07,-0.023271240919437858,-0.023621240919437857,0.6615094127195129,0.5273789568976037
2022-03-08,-0.0012885589218004701,-0.00143855892180047,0.6593684599420977,0.5251817322721883
2022-03-09,0.010577261175790975,0.010377261175790974,0.6769200335297754,0.5410089414485224
2022-03-10,0.009290547122591392,0.009090547122591391,0.6924995381221015,0.5550175558470951
2022-03-11,-0.029979187193616152,-0.03017918719361615,0.6417597776436301,0.5080883899398263
2022-03-14,-0.04359919119156587,-0.04374919119156587,0.5701803792075228,0.44211074263456807
2022-03-15,0.028714616911007747,0.028414616911007745,0.6152675072776477,0.4830877669297782
2022-03-16,0.01245270590434464,0.01220270590434464,0.6353819585026201,0.5011854507799534
2022-03-17,0.0033089287671465573,0.003108928767146557,0.640793320910382,0.5058525294127052
2022-03-18,0.007532942058934522,0.0073329420589345225,0.6531533219274865,0.5168948587601885
2022-03-21,-0.0062651005060695595,-0.00636510050606956,0.6427961502136681,0.5072396705270397
2022-03-22,-0.0004837998163040147,-0.0006837998163040146,0.64200136573797,0.5062090203172072
2022-03-23,-0.010260222119636665,-0.010410222119636665,0.6251540670047517,0.49052904985710466
2022-03-24,-0.018643469653593932,-0.018643469653593932,0.5948555564741338,0.46274041674829336
2022-03-25,-0.007928751181614086,-0.008078751181614087,0.5822103435962358,0.4509233008780935
2022-03-28,-0.003795197244897586,-0.0038951972448975857,0.5762055432593709,0.4452716684339555
2022-03-29,0.018108441143445002,0.018008441143445002,0.6047481685694549,0.4712987582112369
2022-03-30,-0.017468011015698594,-0.017668011015698593,0.5767164098834614,0.44530383554377706
2022-03-31,0.006562694089870802,0.0064626940898708015,0.5870639173480061,0.45464439209981355
2022-04-01,-0.019406814205819023,-0.019556814205819024,0.556264062771274,0.4261961819879809
2022-04-06,-0.017815223606201202,-0.018065223606201202,0.5285388705027085,0.4004316290540577
2022-04-07,-0.0046672585655587575,-0.004867258565558757,0.5214047843665652,0.39361536621206494
2022-04-08,-0.036781780866460875,-0.03688178086646088,0.4654448069788091,0.34221634966329884
2022-04-11,0.024438608083718626,0.024238608083718628,0.5012582382848849,0.374749805726347
2022-04-12,-0.01756088547105391,-0.01771088547105391,0.4748948142998879,0.35040176936577394
2022-04-13,0.002741913971585469,0.0024919139715854693,0.4789388489978357,0.3537668544021104
2022-04-14,-0.009014660609081631,-0.009514660609081632,0.46560671721253444,0.34088622223865017
2022-04-15,0.0012041628026286054,0.0009041628026286054,0.4673715463046846,0.3420986016833554
2022-04-18,0.006515914761199698,0.0061659147611996985,0.4769328142234157,0.3503738672624601
2022-04-19,-0.03190633749327932,-0.03205633749327932,0.42980929739790463,0.30708582683138985
2022-04-20,-0.03245285509343556,-0.03265285509343556,0.38340790345820364,0.2644057427331812
2022-04-21,0.007045446772140185,0.006945446772140184,0.39315463020617636,0.2731876055177229
2022-04-22,-0.05784244885852774,-0.05809244885852774,0.3125711547564545,0.19922501965687323
2022-04-25,-0.02030224054437139,-0.02055224054437139,0.28592301944098564,0.1745782585860567
2022-04-26,0.03762179530922017,0.03742179530922017,0.3343017520618088,0.21853308575352437
2022-04-27,-0.006626353144906544,-0.006776353144906544,0.3254601974507796,0.2102758752457059
2022-04-28,0.030070747793049246,0.030020747793049245,0.36531777675804733,0.24660926205646905
2022-04-29,0.012698636946346525,0.012448636946346524,0.3826554515214906,0.262127848173763
2022-05-05,-0.011748124615500816,-0.011948124615500816,0.3664118429767147,0.24704778736308897
2022-05-06,0.0010110937142513154,0.0009110937142513155,0.36779341340222715,0.24818396476352644
2022-05-09,0.010667227487652076,0.010517227487652075,0.38238397689910086,0.26131139946738413
2022-05-10,0.011740746407572028,0.011540746407572028,0.39861419660976405,0.275867874469617
2022-05-11,-0.0020706218374996364,-0.0022206218374996364,0.3957181955120268,0.27303465440580554
2022-05-12,0.008907134721940912,0.008807134721940913,0.4081500455133167,0.284246442112857
2022-05-13,-0.005338073908647029,-0.005838073908647028,0.400633236495902,0.27674891646688526
2022-05-16,0.0033869269409497415,0.0031369269409497417,0.40537707893897945,0.2807539845397786
2022-05-17,-0.0029409969472236177,-0.0031409969472236178,0.4012438692401219,0.27673114018419476
2022-05-18,0.0015348159728393706,0.0013848159728393707,0.40339452071247495,0.27849917786014333
2022-05-19,0.01883987063067134,0.01868987063067134,0.42983429192649103,0.3023941620957691
2022-05-20,-0.004497883769420752,-0.004647883769420752,0.42340306347187373,0.29634078540837594
2022-05-23,-0.028788401038857332,-0.02888840103885733,0.38242556524070737,0.25889157291647136
2022-05-24,0.012672457346950328,0.012522457346950327,0.39994429425155387,0.2746559889427529
2022-05-25,0.0014234576009916288,0.0013234576009916287,0.40193705559817117,0.2763429420999688
2022-05-26,0.0028190551123355055,0.0023690551123355056,0.40588919342192775,0.279366668872044
2022-05-27,0.016791421071416464,0.016541421071416464,0.4294960708484292,0.3005292116465921
2022-05-30,0.01783298558545172,0.01758298558545172,0.45498825367432927,0.3233963980284329
2022-05-31,0.005243152014203551,0.005093152014203551,0.46261697826722425,0.33013665705864104
2022-06-01,0.008223476458421891,0.007973476458421891,0.474644774555693,0.340742470380182
2022-06-02,0.01062729193047703,0.010427291930477029,0.49031625506864884,0.35472278352242514
2022-06-06,0.0029882722257187355,0.0028382722257187356,0.4947697257412076,0.3585678555724452
2022-06-07,0.003842888807348277,0.003742888807348277,0.5005139595898216,0.3636528239930905
2022-06-08,-0.009121345314414924,-0.009271345314414925,0.4868272536153029,0.35100992777287354
2022-06-09,0.016514392649461352,0.01636439264946135,0.5113813026834262,0.3731183847042694
2022-06-10,-0.003916204020244879,-0.004016204020244879,0.5054624251497344,0.3676036611273481
2022-06-13,0.005665791278123411,0.005515791278123411,0.5139920610276905,0.3751470774733239
2022-06-14,0.010000202488447352,0.009850202488447351,0.5291322882038691,0.3886925546378326
2022-06-15,-0.009102551185146478,-0.009302551185146479,0.5152132832816332,0.37577417106788236
2022-06-16,0.004640416522566609,0.004540416522566609,0.5222445040365857,0.38202075884551934
2022-06-17,0.004243233513054006,0.004093233513054006,0.5287037429311761,0.3876776925313621
2022-06-20,-0.0033907401581643403,-0.00349074015816434,0.5235203057600832,0.38283367028345405
2022-06-21,-0.015450350160549303,-0.015500350160549303,0.49998138355938293,0.361399264180263
2022-06-22,0.01751343408431305,0.01741343408431305,0.5262512086480469,0.38510590052949834
2022-06-23,0.01102268295432086,0.010972682954320861,0.5430745918296234,0.4003042284341676
2022-06-24,0.008562955019514724,0.008412955019514723,0.5562878701512166,0.4120849249216205
2022-06-27,0.015006183052022753,0.014806183052022753,0.5796418108123484,0.43299251280501183
2022-06-28,-0.020655748684633286,-0.020805748684633286,0.5470131265564695,0.4031780307166297
2022-06-29,0.011626549539918919,0.011476549539918918,0.5649995513112831,0.41928167289947504
2022-06-30,0.002171128316355264,0.002021128316355264,0.5683973661522184,0.4221502232774563
2022-07-01,0.005116193571585159,0.004966193571585159,0.5764215906746173,0.4292128965741253
2022-07-04,-0.0003833011803979824,-0.0005833011803979824,0.5758173464181069,0.4283792350045137
2022-07-05,-0.015483452306044209,-0.015683452306044208,0.5514182536918051,0.40597731739737664
2022-07-06,-0.002975353152679028,-0.003125353152679028,0.5468022364995593,0.4015831417558535
2022-07-07,0.007189821861301132,0.007039821861301132,0.5579234690346533,0.4114500373976173
2022-07-08,-0.0074579554890024154,-0.007557955489002416,0.5463045451473205,0.4007823608400154
2022-07-11,-0.009610463612298597,-0.009860463612298597,0.5314438415826503,0.3869699973422027
2022-07-12,-0.0009081591407048728,-0.0011581591407048729,0.5300530468594409,0.3853636653618975
2022-07-13,-0.0014548290953432463,-0.0017048290953432463,0.5278270811694512,0.3830018570775573
2022-07-14,-0.014705383192547883,-0.014955383192547883,0.5053597984889024,0.3623185343489572
2022-07-15,0.010735899821285293,0.010535899821285293,0.5215211904804693,0.37667178595153805
2022-07-18,-0.0008461060423198107,-0.0011461060423198109,0.5202338222076861,0.37509397409936773
2022-07-19,-9.786873611387082e-05,-0.00019786873611387078,0.5200850388449092,0.37482188599267485
2022-07-20,-0.007465210779892728,-0.007665210779892728,0.5087372836265707,0.3642835864517313
2022-07-21,-0.002328199589981328,-0.002628199589981328,0.5052246421014417,0.3606979768892007
2022-07-22,-0.0031520488644865507,-0.0034020488644865505,0.5004801004775088,0.35606881588201555
2022-07-25,0.0063972909827917255,0.006247290982791726,0.5100791082941518,0.36454057236752035
2022-07-26,0.000835826190734279,0.000735826190734279,0.5113412719629447,0.3655446370589879
2022-07-27,0.002344864014782655,0.0020948640147826552,0.5148851617256265,0.3684052673797422
2022-07-28,-0.0032422853672054663,-0.003392285367205466,0.5099734717327669,0.36376324621480305
2022-07-29,0.009855570582013844,0.009705570582013844,0.5248551218603976,0.3769993466580972
2022-08-01,-0.02717089917904803,-0.02737089917904803,0.4834234370816737,0.33930963637110345
2022-08-02,-0.009865025740930539,-0.009865025740930539,0.4687894266901633,0.32609731233322625
2022-08-03,0.0029660088690798337,0.002866008869079834,0.4731458691565371,0.329897918991636
2022-08-04,0.013933728141902746,0.013783728141902745,0.4936722832107314,0.3482288703634988
2022-08-05,-0.00013189981685304275,-0.00028189981685304273,0.49347526811013753,0.3478488048918673
2022-08-08,0.012069969069136266,0.011919969069136265,0.5115014684017472,0.3639151209560507
2022-08-09,-0.01191515337618328,-0.01211515337618328,0.4934916965774141,0.34739108007357267
2022-08-10,0.025919707099412947,0.025769707099412946,0.532202563908106,0.3821129535554304
2022-08-11,-0.0055920430426534,-0.0057420430426533995,0.5236344212206681,0.3741768014863063
2022-08-12,0.001457928340418413,0.001157928340418413,0.5258557710238025,0.3757679997494927
2022-08-15,-0.002486189609797046,-0.002686189609797046,0.5220622042598342,0.37207242604307433
2022-08-16,-0.0019834605849654184,-0.0021834605849654185,0.5190432538698191,0.36907655998109146
2022-08-17,-0.0026600833973793813,-0.002910083397379381,0.5150024721302988,0.3650924330141492
2022-08-18,-0.012401896613504304,-0.012551896613504305,0.49621356810173545,0.3479579339270784
2022-08-19,0.011042102418985183,0.010942102418985184,0.5127349115613902,0.36270742769659203
2022-08-22,-0.004708269641110141,-0.004808269641110141,0.5056125477022382,0.3561551629422832
2022-08-23,-0.029871149128522557,-0.029971149128522556,0.46063817076005,0.31550963431232426
2022-08-24,0.010579719593481408,0.010379719593481407,0.4760913130342268,0.3291642554390095
2022-08-25,-0.004733449142849705,-0.004883449142849705,0.46910430987377705,0.3226733493950795
2022-08-26,0.003489756547875611,0.003389756547875611,0.47423112625867114,0.32715689004189197
2022-08-29,0.0011899879478054765,0.0009399879478054764,0.47598544353119854,0.32840440152337846
2022-08-30,-0.008270398935603501,-0.008470398935603501,0.4637784550900519,0.31715228629466385
2022-08-31,-0.006262498804039058,-0.006512498804039058,0.4546115442656722,0.3085743336054325
2022-09-01,0.008759010747422368,0.008659010747422369,0.4673525024152201,0.31990529282392277
2022-09-02,-0.006124570022168851,-0.006324570022168851,0.4583655992669735,0.31155745937682666
2022-09-05,0.01117532776977378,0.01097532776977378,0.4746633128469444,0.3259522323823789
2022-09-06,0.006184181066042699,0.006084181066042698,0.48378289778504047,0.33401956584911696
2022-09-07,-0.008047542434278498,-0.008197542434278499,0.47184209195185867,0.32308388384991105
2022-09-08,0.00827625524863566,0.00802625524863566,0.48402343279053817,0.3337032928170467
2022-09-09,0.00264364962428425,0.00254364962428425,0.487946670781064,0.3370957666967276
2022-09-13,-0.006701795480917205,-0.006801795480917206,0.4779747565069776,0.3280011147532562
2022-09-14,-0.021265343515367175,-0.021365343515367174,0.44654511560281573,0.2996279147477625
2022-09-15,-0.015307642439379394,-0.015557642439379394,0.42440192020073697,0.2794087683458806
2022-09-16,-0.004533121047206245,-0.004683121047206245,0.4179449338765939,0.2734171422148597
2022-09-19,0.012281355985084914,0.012181355985084914,0.4353592203767802,0.2889290897416885
2022-09-20,-0.011776474140048326,-0.011876474140048325,0.41845574963633303,0.2736211567390152
2022-09-21,-0.008476739946743079,-0.008476739946743079,0.4064318691207034,0.2628250014026685
2022-09-22,-0.017849510454146077,-0.017999510454146078,0.38132774876978925,0.24009476958816411
2022-09-23,-0.007283591668594214,-0.007483591668594213,0.3712667214872516,0.23081440670220688
2022-09-26,0.01221117146732672,0.01196117146732672,0.38801149455077133,0.245536388865228
2022-09-27,-0.027585083124338466,-0.027635083124338468,0.3497230820960511,0.2111158872245491
2022-09-28,-0.0024467727497403057,-0.002646772749740306,0.34642061643908306,0.20791033869746567
2022-09-29,-0.006913710374662934,-0.007263710374662934,0.33711185425454815,0.1991364278386063
2022-09-30,-0.021515390698878655,-0.021665390698878656,0.3083433703021594,0.17315666862822532
2022-10-10,0.006597258527151556,0.006297258527151556,0.31697484975832757,0.18054433946342896
2022-10-11,0.030461130287917443,0.030311130287917442,0.35709139224272635,0.21632797274756843
2022-10-12,-0.0009063899765127392,-0.001106389976512739,0.3558613382075859,0.21498223967036845
2022-10-13,0.027450011028525022,0.027250011028525024,0.39307974689453484,0.248090519100848
2022-10-14,0.011499595472900904,0.011249595472900904,0.4090996004453131,0.2621310325542954
2022-10-17,0.0009504081656144415,0.0008504081656144415,0.4104388202117404,0.2632043590904549
2022-10-18,-0.008361921873894961,-0.008561921873894962,0.39864484098922115,0.252388902057159
2022-10-19,0.007340801979066297,0.007090801979066297,0.4089120158059658,0.2612693437624267
2022-10-20,-0.0013637891889220987,-0.0015637891889220986,0.4069905568306671,0.25929698439833215
2022-10-21,-0.005918491920025093,-0.006068491920025093,0.39866329458851313,0.2516549508235988
2022-10-24,0.003645662792094856,0.0035956627920948558,0.40376234932026334,0.2561554799588164
2022-10-25,0.02274146891566079,0.02264146891566079,0.43568596715230523,0.2845966852115409
2022-10-26,0.0038465781103243224,0.0036965781103243224,0.441208445366853,0.2893452971986892
2022-10-27,-0.03629369843892153,-0.03649369843892153,0.3889016606630815,0.24229231873907864
2022-10-28,0.005582236123874163,0.005382236123874163,0.39665483768574394,0.24897862933340753
2022-10-31,0.015256209396113806,0.015006209396113806,0.41796249634357285,0.267721064176456
2022-11-01,0.00931891980477439,0.009118919804774389,0.4311763751331761,0.27928131089550434
2022-11-02,0.010805983400057029,0.010605983400057029,0.446641643285419,0.29284934724286504
2022-11-03,0.010436154339882004,0.010236154339882004,0.4617390187492463,0.3060831526994585
2022-11-04,0.0033882111218710154,0.0032382111218710154,0.4666916991498453,0.31031252569061807
2022-11-07,-0.005628979477343305,-0.005928979477343305,0.4584357216757411,0.3025437096168926
2022-11-08,-0.005499439791552563,-0.005649439791552563,0.45041514223453594,0.29518506735354655
2022-11-09,-0.0118741709197558,-0.0120741709197558,0.43319266493104114,0.2795467814776045
2022-11-10,0.011211337302571189,0.011061337302571188,0.4492606713171541,0.2937002800219477
2022-11-11,-0.004049419735280052,-0.004199419735280052,0.44339200655315714,0.2882674895344861
2022-11-14,0.012188572521624058,0.011938572521624058,0.46098489470216264,0.3036475643855443
2022-11-15,0.0013029639762137612,0.0012029639762137611,0.4628885053897518,0.30521580544317883
2022-11-16,0.0032307807515975563,0.0031307807515975564,0.46761477741469837,0.3093021499635411
2022-11-17,-0.0042067675566822725,-0.004356767556682272,0.46144086318336286,0.30359782483468556
2022-11-18,-0.0039118412934115495,-0.004111841293411549,0.4557239384668832,0.2982376374685287
2022-11-21,0.0004535688940018268,0.00020356889400182678,0.45638420956362546,0.2985019182685398
2022-11-22,-0.005558682070309229,-0.005808682070309229,0.44828863277044273,0.29095933345763103
2022-11-23,-0.004799949675673276,-0.004899949675673277,0.441336920217295,0.28463369769034785
2022-11-24,-0.004994942058203888,-0.005194942058203888,0.4341375258144595,0.2779601000648302
2022-11-25,-0.013362497962664727,-0.013462497962664726,0.4149738660475828,0.26075556482134066
2022-11-28,0.011207927955542384,0.010907927955542384,0.4308327911972194,0.27450779569196104
2022-11-29,0.0007727162973975799,0.0005227162973975799,0.43193841901382846,0.2751740016879294
2022-11-30,0.010113064700546704,0.010063064700546704,0.4464197048925138,0.28800616017136993
2022-12-01,-0.0062161566608456564,-0.006316156660845657,0.4374285334095678,0.27987091148359333
2022-12-02,0.004994160339196763,0.0048941603391967625,0.44460728198155164,0.286134804937868
2022-12-05,0.00023904032141054964,3.9040321410549684e-05,0.4449526013705485,0.28618501605403
2022-12-06,-0.005325042900510729,-0.005425042900510729,0.43725816677904583,0.27920740716394277
2022-12-07,-0.009973239606402572,-0.010123239606402573,0.4229240467054993,0.2662576840749371
2022-12-08,-0.003755867245910294,-0.003905867245910294,0.4175797328850601,0.26131184966182675
2022-12-09,0.009044163264939047,0.008844163264939047,0.43040055543034117,0.27246709758823817
2022-12-12,-0.009705519881681429,-0.010005519881681428,0.4165177744008439,0.25973540274453355
2022-12-13,-0.0026530712050988393,-0.0028530712050988394,0.4127596518820704,0.2561412879409195
2022-12-14,0.008935704536092043,0.008735704536092043,0.42538365471180084,0.26711456708795756
2022-12-15,-0.0064968751745056895,-0.006696875174505689,0.41612311503135757,0.2586288590003718
2022-12-16,-0.02188251292561602,-0.02198251292561602,0.3851347826624203,0.2309610338388428
2022-12-19,-0.009635431099055996,-0.009935431099055996,0.37178841190117073,0.2187309053015143
2022-12-20,-0.00246520245866465,-0.0026652024586646503,0.3684066757353843,0.21548274069625406
2022-12-21,-0.007899485264057472,-0.008049485264057472,0.3575969673651749,0.20569873028630337
2022-12-22,0.0028226692330472645,0.0025726692330472643,0.361429014555835,0.20880059431403497
2022-12-23,0.016399394047707426,0.016149394047707426,0.38375562543351815,0.22832199143671517
2022-12-26,0.0107209968270769,0.0103709968270769,0.3985908651032408,0.241060914912534
2022-12-27,-0.004822779586357984,-0.005222779586357984,0.391845769629354,0.23457912730070207
2022-12-28,-0.003482012444205651,-0.0037320124442056513,0.38699934533908964,0.2299716626342594
2022-12-29,0.001835648501673215,0.001685648501673215,0.3895453886091831,0.23204496252447937
2022-12-30,0.019068126755699022,0.018868126755699023,0.4160414162119801,0.2552913430461117
2023-01-03,0.007275859531904932,0.006775859531904932,0.42634433464769805,0.26379702085820855
2023-01-04,0.013409212510623098,0.013259212510623097,0.4454704889443124,0.2805539741280598
2023-01-05,0.003403067735869997,0.003353067735869997,0.4503895229283912,0.28484775834274867
2023-01-06,0.002424549853041935,0.002224549853041935,0.4539060646330608,0.2877059662347514
2023-01-09,0.005285903755474197,0.005085903755474197,0.46159127216021156,0.2942551148443713
2023-01-10,-0.0014704372422347956,-0.0016204372422347956,0.4594420939207018,0.2921578556553246
2023-01-11,-0.0030150830076194845,-0.0031150830076194843,0.45504175486271703,0.2881326766760106
2023-01-12,0.007925799605845612,0.007875799605845613,0.4665741242298971,0.2982777515032524
2023-01-13,0.019211978763020388,0.019061978763020387,0.4947499151589969,0.3230254944309092
2023-01-16,0.0015155202659588973,0.0013155202659588974,0.49701523894796074,0.3247659612812135
2023-01-17,0.001915653098311093,0.001665653098311093,0.4998830008286703,0.32697256180915857
2023-01-18,0.006278200609411216,0.006128200609411216,0.5092995671985185,0.33510451587110945
2023-01-19,0.005014184038552494,0.004864184038552494,0.5168674729977596,0.34159870994700925
2023-01-20,0.00738084943430981,0.007030849434309811,0.5280632434277579,0.351031288477911
2023-01-30,-0.008520572426755474,-0.008770572426755474,0.5150432698894687,0.3391819707115027
2023-01-31,0.010141432114616078,0.009991432114616077,0.5304079783617586,0.35256231646098457
2023-02-01,0.014529352756804947,0.014479352756804948,0.5526438157412052,0.3721465433665845
2023-02-02,0.0005813587780386431,0.0004313587780386431,0.5535464588526537,0.372738430822821
2023-02-03,0.005409510367006315,0.005309510367006315,0.561950384527443,0.38002699975246257
2023-02-06,0.01510898374483025,0.01495898374483025,0.5855498674974993,0.40067080120918663
2023-02-07,0.010447056131909428,0.010297056131909427,0.6021141959631873,0.41509358707156396
2023-02-08,0.03697896137825746,0.03682896137825746,0.6613587149392679,0.4672100141364426
2023-02-09,0.004364964217077538,0.0040149642170775384,0.6686104862817077,0.4731008098421381
2023-02-10,0.034283835223878505,0.034033835223878504,0.7258168532462257,0.5232360800724674
2023-02-13,0.008282064976141595,0.008082064976141595,0.7401101805617314,0.5355469730456162
2023-02-14,9.193876761885433e-05,-0.00015806123238114566,0.7402701641472531,0.5353042625986775
2023-02-15,-0.010528122184067967,-0.010678122184067967,0.7219483872258228,0.5189100960929285
2023-02-16,-0.015397407346600034,-0.015547407346600034,0.6954348464778859,0.49529498210610834
2023-02-17,0.012906965794957292,0.012656965794957292,0.7173177660489545,0.5142208795479968
2023-02-20,0.0066814021106516245,0.006331402110651625,0.7287918565956935,0.5238080208207596
2023-02-21,-0.0074261665261223745,-0.0075761665261223745,0.7159535603796094,0.5122633975011806
2023-02-22,0.0011711484681492246,0.0010711484681492245,0.7179631967632631,0.5138832561228519
2023-02-23,-0.008033074434134235,-0.008183074434134236,0.7041626705285606,0.501495036753409
2023-02-24,-0.005200638464386037,-0.005350638464386037,0.6952999365946391,0.49346107965567154
2023-02-27,0.0092044562633322,0.0088044562633322,0.7109042507142542,0.5066101924124888
2023-02-28,0.010426716833665839,0.010226716833665838,0.7287433648659669,0.5220178682290062
2023-03-01,-0.005652984179844866,-0.0057529841798448665,0.7189708059733679,0.5132617235116437
2023-03-02,-0.0011750517914543123,-0.0012750517914543124,0.7169509262483513,0.5113322364401409
2023-03-03,0.005633601251919962,0.005533601251919961,0.7266235431359493,0.5196953463957732
2023-03-06,-0.01729248851527867,-0.01744248851527867,0.6967659253460612,0.49318807776954254
2023-03-07,0.0043486103826376465,0.004248610382637646,0.7041444992659267,0.49953205213998486
2023-03-08,0.0014711505612435226,0.0014211505612435225,0.7066515524024617,0.5016631129574864
2023-03-09,-0.019733564279594412,-0.01993356427959441,0.6729732342902581,0.4717296147690526
2023-03-10,0.004457389016000684,0.004357389016000684,0.6804303268088467,0.4781425132269703
2023-03-13,-0.0011971861708504282,-0.0013471861708504282,0.6784185388605135,0.476151180074605
2023-03-14,0.0068933797819912875,0.0067433797819912876,0.6899885152820138,0.4861054280974828
2023-03-15,-0.014433836091980812,-0.014583836091980813,0.6655954980551033,0.4644323101187062
2023-03-16,0.011221207463070287,0.011021207463070287,0.6842854906883353,0.4805721224241477
2023-03-17,0.00657608089650597,0.00627608089650597,0.6953614883279133,0.489864312837593
2023-03-20,0.017157520915515305,0.016807520915515305,0.7244496885232585,0.5149052384368908
2023-03-21,0.014351466110820488,0.014251466110820489,0.7491980697879148,0.5364948591035785
2023-03-22,0.01200847168133748,0.011858471681337478,0.7702032652740134,0.554715339878779
2023-03-23,0.008145546692788502,0.008045546692788503,0.7846225386270294,0.5672238747397682
2023-03-24,0.0043772482836455014,0.0042272482836455015,0.7924342745711896,0.5738489191743499
2023-03-27,-0.0037385846579889082,-0.003988584657988908,0.7857331072918243,0.5675714895213386
2023-03-28,0.0060381059098018495,0.005788105909801849,0.7965155529202919,0.5766447593238742
2023-03-29,0.006164925870395232,0.005914925870395232,0.8075909381290576,0.585970496199222
2023-03-30,0.006041394833399849,0.0058913948333998494,0.8185113086835709,0.5953140745864547
2023-03-31,0.010019384855301234,0.009919384855301234,0.8367316733489891,0.6111386088573565
2023-04-03,0.009165510196086241,0.00896551019608624,0.8535662562285435,0.6255832884823751
2023-04-04,-0.004815846138601043,-0.004965846138601043,0.844639766330844,0.6175108919862904
2023-04-06,-0.0031191767939580785,-0.0031191767939580785,0.8388860087784926,0.6124655895480322
2023-04-07,-0.006949851822803605,-0.007049851822803605,0.8261060234984554,0.6010979460723489
2023-04-10,-0.001642431357825852,-0.001892431357825852,0.823106769702747,0.5980679781122511
2023-04-11,0.0049432429436084115,0.004693242943608411,0.832118829377525,0.605568099373933
2023-04-12,-0.012711807903526884,-0.012811807903526883,0.8088292867620435,0.5849978693087234
2023-04-13,0.00489790278823003,0.00484790278823003,0.8176887567691076,0.5926817848986838
2023-04-14,0.014564246250305996,0.014364246250305995,0.8441620234291054,0.6155594582553454
2023-04-17,0.004085092338299251,0.003785092338299251,0.8516955955815984,0.6216744999828545
2023-04-18,-0.012853364990518406,-0.013103364990518406,0.8278950762402528,0.6004251071137627
2023-04-19,-0.00809662052692996,-0.00844662052692996,0.8130953034448918,0.5869069235522015
2023-04-20,-0.018606599415723346,-0.018756599415723347,0.7793597654311633,0.557141946077095
2023-04-21,0.0007318372668131401,0.0004818372668131401,0.780661967218574,0.5578922350964328
2023-04-24,-0.015215307779621523,-0.015465307779621523,0.7535686473358769,0.5337989521931841
2023-04-25,0.009893554445223047,0.009643554445223046,0.7709176742217305,0.5485902258966853
2023-04-26,0.003150382609416175,0.0029503826094161747,0.7764967424653064,0.5531591595682828
2023-04-27,0.027982013809353196,0.027782013809353197,0.8262066988452414,0.5963090487875322
2023-04-28,-0.008487945358801697,-0.008687945358801697,0.8107059561715655,0.5824404029959054
2023-05-04,-0.007268655954340342,-0.007518655954340342,0.7975445575416795,0.5705425780375315
2023-05-05,0.011610964760846077,0.011160964760846076,0.8184157840553465,0.5880713484064168
2023-05-08,-0.007764467089720994,-0.008064467089720995,0.8042967545446196,0.5752643992810644
2023-05-09,-0.002092038414196051,-0.002192038414196051,0.8005220964235029,0.5718113592053249
2023-05-10,-0.010604393936939077,-0.010704393936939076,0.7814286508208645,0.5549860712218353
2023-05-11,-0.012256962067280275,-0.012406962067280276,0.7595937474221868,0.5356934180210366
2023-05-12,0.010761652855193971,0.01056165285519397,0.7785298844981141,0.5519128787941812
2023-05-15,-0.004519852019447939,-0.004569852019447939,0.7704911926080169,0.5448208665910164
2023-05-16,0.007262518580436139,0.007162518580436139,0.7833494177908313,0.5558856747514198
2023-05-17,0.008847168819204193,0.008647168819204193,0.7991270111536564,0.5693396808443769
2023-05-18,0.006830773949106412,0.006580773949106411,0.8114164410725786,0.5796671505333766
2023-05-19,-0.004476785571569358,-0.0047267855715693585,0.8033071180850813,0.5722004026383534
2023-05-22,-0.019086853030848755,-0.019236853030848756,0.7688876601527079,0.5419562145577581
2023-05-23,-0.004653644887516234,-0.004953644887516234,0.7606558851364478,0.5343179110387402
2023-05-24,-0.0006669543163360436,-0.0008669543163360436,0.7594816080942737,0.5329877275031336
2023-05-25,0.015028196811635502,0.014828196811635502,0.7859234439871674,0.5557191712363718
2023-05-26,-0.00030346025000705377,-0.0005034602500070537,0.7853814872123617,0.5549359284734805
2023-05-29,0.007025851614695727,0.0068258516146957274,0.7979253126171404,0.5655496903915995
2023-05-30,0.009142489035989104,0.008992489035989103,0.8143628250752697,0.5796278788177422
2023-05-31,-0.0009123304742772121,-0.0011623304742772122,0.8127075265785579,0.5777918291961746
2023-06-01,0.012338981424356304,0.011988981424356305,0.8350744910768018,0.5967079461279088
2023-06-02,0.003235264644060748,0.003035264644060748,0.8410114426970003,0.6015543773036818
2023-06-05,-0.012678630272131957,-0.012928630272131958,0.8176699392882807,0.5808484728988079
2023-06-06,-0.000589793964001728,-0.0007397939640017279,0.8165978885295411,0.5796789707405561
2023-06-07,0.0008870224963214324,0.0007370224963214325,0.8182092517234365,0.5808432296789579
2023-06-08,0.017847131839943197,0.017647131839943198,0.850659071951549,0.608740578571384
2023-06-09,0.0027658301332488867,0.002665830133248887,0.8557776805791231,0.6130292076823198
2023-06-12,0.010042298192021116,0.009892298192021115,0.8744139534255961,0.6289857735971529
2023-06-13,0.009211531241427245,0.009161531241427245,0.8916801761169431,0.6439097776538039
2023-06-14,0.0046751032754844875,0.004625103275484488,0.9005239763044766,0.6515130301510315
2023-06-15,0.01968789844428102,0.01963789844428102,0.9379412993408802,0.6839452753165443
2023-06-16,0.00800796494756854,0.007807964947568541,0.9534602653364475,0.6970934609998396
2023-06-19,-0.004294632842555773,-0.004344632842555773,0.9450708707243058,0.689720213012293
2023-06-20,-0.014634218871551152,-0.014784218871551152,0.9166062778814479,0.6647390195514353
2023-06-21,-0.02328727272905941,-0.02338727272905941,0.8719737447741953,0.625805314078479
2023-06-26,0.010478449005370576,0.010178449005370576,0.8915891261982045,0.6423534905604875
2023-06-27,-0.012571806883902659,-0.012671806883902658,0.8678084329999505,0.6215419042930015
2023-06-28,0.007991501841424947,0.007791501841424947,0.8827350275316985,0.6341761510262482
2023-06-29,0.0077564704482230296,0.00760647044822303,0.8973384061345828,0.6466064636262203
2023-06-30,0.0028568298410561466,0.0025568298410561466,0.9027587791118099,0.6508165561688957
2023-07-03,0.0030130097207848316,0.0027630097207848314,0.9084918098095824,0.655377778360823
2023-07-04,-0.008202827073347158,-0.008452827073347158,0.8928367815228151,0.6413851562592774
2023-07-05,-0.0006497972734268332,-0.0008497972734268332,0.8916068213431396,0.639990311628845
2023-07-06,0.0020712357121909553,0.0019212357121909554,0.8955247849449297,0.6431411195831935
2023-07-07,-0.0007881863701792336,-0.0008881863701792335,0.8940307581450992,0.6416817040364988
2023-07-10,0.006458608037540964,0.006358608037540963,0.9062635604230052,0.6521205145148694
2023-07-11,-0.01737698130302683,-0.017576981303026828,0.8731384541748932,0.6230812231208944
2023-07-12,0.025712367844910294,0.025612367844910295,0.9213012791330846,0.6646521764496336
2023-07-13,0.008616599982727024,0.008516599982727024,0.9378563637016761,0.678829353146831
2023-07-14,-0.0027803413018981813,-0.002880341301898181,0.9324684616165302,0.6739937516221233
2023-07-17,-0.001526532106636802,-0.0017265321066368018,0.9295184864648096,0.6711035476636384
2023-07-18,-0.0009643100517138014,-0.0010643100517138014,0.927657832393344,0.6693249753604054
2023-07-19,-0.02286070607470695,-0.02296070607470695,0.8835902132743931,0.6309960952579878
2023-07-20,-0.005086518620481856,-0.005186518620481856,0.8740092965812156,0.6225369036399993
2023-07-21,-0.0015088640804744925,-0.0017088640804744923,0.871181671267129,0.6197642086061246
2023-07-24,0.012799443916443286,0.012599443916443286,0.8951317561259895,0.6401723369103194
2023-07-25,-0.0035356960978111087,-0.003785696097811109,0.8884311461710168,0.6339631428947403
2023-07-26,-0.005248091440683528,-0.005448091440683527,0.8785204868364767,0.6250611622815432
2023-07-27,0.006874769760664212,0.006774769760664212,0.8914348826741683,0.636070577502998
2023-07-28,0.009311983210651914,0.009111983210651913,0.9090478925456713,0.6509784251366468
2023-07-31,0.0028950374664769183,0.0027450374664769184,0.9145746577198899,0.6555104227699922
2023-08-01,-0.006955708644945735,-0.007105708644945735,0.9012574342217936,0.6437468480471176
2023-08-02,4.59173850753225e-05,-0.00010408261492467751,0.901344734991528,0.6435757625768987
2023-08-03,0.016129462308902952,0.01607946230890295,0.932012403230805,0.6700035771030803
2023-08-04,-0.000775254199122477,-0.0009252541991224771,0.9305146025024436,0.6684583992808162
2023-08-07,-0.01615011211848178,-0.016300112118481782,0.8993365752256628,0.6412623403075162
2023-08-08,-0.010837771166478726,-0.011037771166478727,0.8787520000552436,0.6231464621710425
2023-08-09,0.006957976336133054,0.006857976336133054,0.8918243120130909,0.6342779621986894
2023-08-10,-0.02037975269384241,-0.02047975269384241,0.8532694003940655,0.6008083536998634
2023-08-11,-0.00535644309442766,-0.00555644309442766,0.8433424683122106,0.5919135531774455
2023-08-14,-0.009911524498390601,-0.010111524498390602,0.8250721342786103,0.5758168802851718
2023-08-15,-0.014482291805102165,-0.014632291805102166,0.7986409070646268,0.5527590678614334
2023-08-16,0.0067294023072084486,0.006579402307208449,0.8107446853344669,0.5629752944550599
2023-08-17,-0.020350811522489475,-0.020600811522489475,0.7738945615278756,0.5307767349996837
2023-08-18,-0.0059702601156992495,-0.006120260115699249,0.7633039495777301,0.5214079832024248
2023-08-21,0.02399956425885873,0.02369956425885873,0.80562247602352,0.5574646894642712
2023-08-22,-0.02589583005467532,-0.026195830054675323,0.758864383241513,0.5166656091429076
2023-08-23,0.01103136071147361,0.01083136071147361,0.7782670506956135,0.5330931614342214
2023-08-24,-0.017428646627906406,-0.017678646627906407,0.7472742626589903,0.5059901491855658
2023-08-25,0.010499089943455326,0.010249089943455325,0.7656190522985318,0.5214251776785264
2023-08-28,0.03163383312620978,0.03143383312620978,0.8214723507634003,0.5692494028276873
2023-08-29,0.009492977005336667,0.009392977005336667,0.8387635459050538,0.5839893263840861
2023-08-30,0.0013446049315316122,0.0012446049315316121,0.8412359564367982,0.5859607673111971
2023-08-31,0.01298237058750638,0.01298237058750638,0.8651395639623023,0.6065502977296768
2023-09-01,0.008418766923286474,0.008168766923286474,0.8808417392307011,0.619673832662367
2023-09-04,-0.011806884602043604,-0.012006884602043605,0.8586348578608971,0.6002265958606403
2023-09-05,-0.007838956996522557,-0.007988956996522557,0.8440650991378877,0.5874424544016179
2023-09-06,-0.015163900450957024,-0.015263900450957024,0.8161018795494765,0.5632118908060086
2023-09-07,0.005018105212129531,0.004968105212129531,0.8252152698570019,0.5709780919483849
2023-09-08,0.015906023674141255,0.015656023674141255,0.8542471871497515,0.5955733621474859
2023-09-11,-0.003044979464379688,-0.003194979464379688,0.8486010425429968,0.5904755380215134
2023-09-12,-0.013167303187390433,-0.013367303187390434,0.8242599521433072,0.5692151692926519
2023-09-13,-0.006074357072346198,-0.006224357072346198,0.8131787458012076,0.5594478137556325
2023-09-14,0.0044861082969225915,0.004286108296922592,0.82131286201655,0.5661317759687883
2023-09-15,0.0009111748201033776,0.0008111748201033777,0.8229723964359499,0.5674021826304181
2023-09-18,-0.014817826064783556,-0.014967826064783557,0.7959599085446603,0.543941579387244
2023-09-19,-0.0067742891983476935,-0.007024289198347694,0.7837935567355407,0.5330964872282742
2023-09-20,-0.003660368075644155,-0.0038103680756441547,0.7772642157469263,0.5272548253164573
2023-09-21,0.019533752258760244,0.019283752258760244,0.8119808546356864,0.5567060290038561
2023-09-22,-0.006196227554765216,-0.0063962275547652155,0.8007534089354857,0.5467489830064725
2023-09-25,-0.006679268544836458,-0.006879268544836458,0.788725693334176,0.5361084813809183
2023-09-26,0.0056485313889159,0.005448531388915901,0.7988293665591344,0.5444780166585022
2023-09-27,0.0005986988176297281,0.0004986988176297281,0.7999063235740109,0.5452482460192647
2023-09-28,0.0019770721634557787,0.0018270721634557788,0.8034648682631771,0.5480715260751952
2023-10-09,-0.003811736075435573,-0.004011736075435573,0.7965905361640375,0.5418610716866847
2023-10-10,0.00212397015914626,0.0017739701591462601,0.8004064408510545,0.5445962872174059
2023-10-11,0.005162769960310143,0.005062769960310143,0.8097015251402291,0.5524162229011367
2023-10-12,-0.006228625782954816,-0.006428625782954816,0.7984295715612881,0.5424363199447171
2023-10-13,-0.008574795665748286,-0.008674795665748285,0.783008405465911,0.5290560000417679
2023-10-16,0.0051032658961253086,0.004953265896125309,0.7921075714540298,0.5366298209800406
2023-10-17,-0.00922442206428557,-0.00937442206428557,0.7755764148303361,0.5222248044816062
2023-10-18,-0.015470778432386778,-0.015570778432386778,0.7481068655267245,0.4985225793267398
2023-10-19,-0.011713556240697498,-0.011913556240697499,0.7276303174426277,0.48066984629997567
2023-10-20,-0.019981143940057622,-0.02008114394005762,0.6931102873945991,0.4509363019887227
2023-10-23,-0.0008730842323629473,-0.0011730842323629475,0.6916320594990233,0.44923423149069674
2023-10-24,0.01285259847783915,0.01275259847783915,0.7133739271320043,0.46771573374523734
2023-10-25,0.009528138734891922,0.009428138734891922,0.7296991916144648,0.4815535613063713
2023-10-26,0.015043423514314596,0.014893423514314596,0.755719789106289,0.503618965954048
2023-10-27,0.023056651308863262,0.02300665130886326,0.7962008080797836,0.5382122032051464
2023-10-30,-0.00910829703424602,-0.00945829703424602,0.7798404775866403,0.52366333528553
2023-10-31,-0.00032114285330274716,-0.0005211428533027471,0.7792688945372443,0.5228692890275066
2023-11-01,-0.0006335706816183173,-0.0008335706816183173,0.7781416019309502,0.5215998698362365
2023-11-02,0.013211279051069613,0.013061279051069612,0.8016331268263759,0.5414739103402388
2023-11-03,0.015975075678614052,0.01582507567861405,0.8304143523725254,0.5658678516279823
2023-11-06,-0.004752253797684303,-0.005002253797684303,0.8217157588151272,0.5580349832205045
2023-11-07,-0.00023714412627407478,-0.0005371441262740748,0.8212837496231833,0.5571980938807382
2023-11-08,-0.010091619936242774,-0.010241619936242775,0.8029040462259309,0.54124986283777
2023-11-09,-0.01152815698429241,-0.011628156984292409,0.7821198853534224,0.5233279674806732
2023-11-10,0.0012860748529929856,0.0011860748529929856,0.7844118249229943,0.5251347484757631
2023-11-13,0.007179035574354231,0.007079035574354231,0.7972221808934148,0.5359312316159068
2023-11-14,0.008168750352604743,0.008068750352604744,0.8119032402172968,0.5483242772825843
2023-11-15,-0.01412258452061162,-0.01437258452061162,0.7863144835641578,0.5260708557420255
2023-11-16,0.007278661421027654,0.007128661421027654,0.7993164618814992,0.5369496981771085
2023-11-17,-0.006689988668720265,-0.006789988668720265,0.7872790551400701,0.5265138271420928
2023-11-20,0.0009393633424191361,0.0007393633424191362,0.7889579595671421,0.5276424755075775
2023-11-21,-0.011021364858490108,-0.011121364858490107,0.7692412011782526,0.5106530061641306
2023-11-22,0.010097776333510666,0.009847776333510666,0.7871066031077822,0.5255295790863805
2023-11-23,-0.009147887756370172,-0.009347887756370172,0.7707583524938841,0.5112690998120584
2023-11-24,-0.0005316839230487369,-0.0008316839230487369,0.769816868746259,0.5100122015983444
2023-11-27,0.0008435716444884833,0.0005435716444884833,0.7713098360726709,0.510833001413965
2023-11-28,-0.00906875744704042,-0.009268757447040421,0.755246256805771,0.49682945678087487
2023-11-29,0.0008037399725272176,0.0006537399725272176,0.7566570183839945,0.4978079940288287
2023-11-30,-0.002497040264124023,-0.0025970402641240227,0.7522705750788337,0.4939181263604091
2023-12-01,-0.0040056840337059085,-0.004205684033705908,0.7452515328135076,0.4876351787487112
2023-12-04,-0.022887325256124545,-0.023337325256124544,0.705307393328255,0.4529177527197996
2023-12-05,0.0005851004626029277,0.0004351004626029277,0.7063051694729716,0.45354991790613197
2023-12-06,0.00518721194093476,0.0050372119409347604,0.7151561360229406,0.46087175690935345
2023-12-07,0.011628836955582316,0.011478836955582316,0.735101407082118,0.4776408656199309
2023-12-08,0.00843627876928139,0.00828627876928139,0.749739206245235,0.48988500975334004
2023-12-11,0.00569770453989144,0.0054977045398914405,0.7597087032642844,0.498075957335377
2023-12-12,-0.013967768476658237,-0.014117768476658238,0.7351294995107283,0.47692646780926795
2023-12-13,-0.011145298942617765,-0.011395298942617765,0.7157909625345265,0.46009644919231674
2023-12-14,-0.0019315796297893317,-0.0021315796297893316,0.7124767756623183,0.4569841373436905
2023-12-15,-0.008633623338736556,-0.008783623338736557,0.6976918962049159,0.44418653747074943
2023-12-18,0.007544766181020085,0.007344766181020085,0.7105005846091947,0.454793749910249
2023-12-19,-0.009967775741207047,-0.010067775741207046,0.6934506983766069,0.44014721268644297
2023-12-20,0.006874141251326088,0.0067741412513260876,0.7050917176794043,0.4499029733278843
2023-12-21,-0.002817168567848327,-0.003067168567848327,0.7002881868870594,0.4454558765016632
2023-12-22,0.006703711457319389,0.006603711457319389,0.711686428286239,0.455001250034367
2023-12-25,-0.007628527010777414,-0.007778527010777414,0.6986287821340762,0.44368348351025966
2023-12-26,0.012994767878962182,0.012794767878962181,0.7207020688704326,0.46215507857246485
2023-12-27,0.0150433784344984,0.0148433784344984,0.7465872412654748,0.48385839973363964
2023-12-28,0.011252909908069531,0.01110290990806953,0.7662414301380189,0.5003335458622145
2023-12-29,-0.013220780290179363,-0.013420780290179363,0.7428903402507521,0.4801978989812119
2024-01-02,-0.013347943603433488,-0.013597943603433488,0.719626338282116,0.46007025142894475
2024-01-03,-0.007841739715145119,-0.008191739715145118,0.7061414761299996,0.4481097359634123
2024-01-04,-0.006937448731934498,-0.007037448731934498,0.6943052071099207,0.4379187379383547
2024-01-05,-0.02013094775624775,-0.020180947756247753,0.6601972375024523,0.40890017501029097
2024-01-08,0.004888533358039243,0.004538533358039243,0.6683131670789078,0.41529451545272256
2024-01-09,-0.007605594805775778,-0.007905594805775778,0.6556246531209651,0.40410577048271645
2024-01-10,0.00847156743845765,0.00847156743845765,0.6696503890226524,0.41600074720808844
2024-01-11,-0.005299220655765724,-0.005449220655765724,0.6608025431932363,0.4082846466878225
2024-01-12,0.002929577319614385,0.002879577319614385,0.6656679926561329,0.412339911215986
2024-01-15,0.004569658266895133,0.004469658266895132,0.6732795261686764,0.4186525879758183
2024-01-16,-0.01873842772348173,-0.01893842772348173,0.6419248987063828,0.3917855384737079
2024-01-17,0.019792708966598165,0.019592708966598166,0.6744230403714893,0.4190543874729433
2024-01-18,-0.002624802756205158,-0.002824802756205158,0.6700280101600689,0.4150458387280047
2024-01-19,-0.025541368328779145,-0.025641368328779144,0.6273732096331923,0.3787621271750736
2024-01-22,0.023265019936274,0.023065019936274002,0.6652340797990668,0.4105633031257463
2024-01-23,0.015421280931127629,0.015221280931127628,0.6909141223597359,0.4320338834337627
2024-01-24,0.022687469937812694,0.022437469937812694,0.7292766856781956,0.464165100643237
2024-01-25,-0.012821900124434465,-0.012971900124434466,0.7071040727269167,0.44517209719201034
2024-01-26,-0.031857411324299006,-0.03210741132429901,0.6527201561086693,0.39877136223306664
2024-01-29,-0.017550383311714806,-0.017900383311714806,0.6237142838619651,0.3737328186836453
2024-01-30,-0.022824621373509452,-0.022974621373509453,0.5866536201140566,0.3421718273060246
2024-01-31,0.008774654244511942,0.008524654244511942,0.6005759570363607,0.35361337807053306
2024-02-01,-0.01893593494733744,-0.01898593494733744,0.5702675548356477,0.3279137625306403
2024-02-02,-0.01642649017559126,-0.01657649017559126,0.5444735702730903,0.3059016130920187
2024-02-05,0.05704467277327892,0.05684467277327892,0.6325775596962966,0.38013516296233174
2024-02-06,0.02843737372906424,0.028337373729064242,0.6790037779030638,0.41924456887181827
2024-02-07,0.010075370018757652,0.010025370018757652,0.6959203622283292,0.4334730208218702
2024-02-08,0.01817892181865987,0.01797892181865987,0.7267503659039514,0.45924532019238495
2024-02-19,0.001812690407779227,0.0016126904077792272,0.7298804297288548,0.46159863112285615
2024-02-20,0.003759132493228379,0.003659132493228379,0.7363832794616485,0.466946814166056
2024-02-21,0.015061804551403202,0.014961804551403203,0.7625363450432245,0.48889498568691225
2024-02-22,0.0009453043138056893,0.0007953043138056893,0.7642024782534331,0.4900791102918325
2024-02-23,-0.006583012508234581,-0.006883012508234581,0.7525887112720324,0.4798228771374349
2024-02-26,0.02980490673416362,0.029604906734163623,0.8048244543548435,0.5236328953981704
2024-02-27,-0.021720702848071278,-0.021970702848071278,0.7656223986888695,0.4901576098038307
2024-02-28,0.028928792874065995,0.028728792874065996,0.8166997233543514,0.5329680391255982
2024-02-29,0.0049096783501894285,0.004659678350189428,0.8256191346548993,0.5401111771090439
2024-03-01,-0.001559341433675393,-0.001709341433675393,0.8227723710961212,0.5374786012615449
2024-03-04,0.0027014285931078073,0.002451428593107807,0.8276964604981272,0.5412476202659688
2024-03-05,0.0014989134591863573,0.0011489134591863572,0.830436019322075,0.5430183804008315
2024-03-06,-0.00800249102196866,-0.00820249102196866,0.815787971511162,0.530361785988861
2024-03-07,0.01857631437718999,0.01847631437718999,0.8495186197122735,0.5586372314576291
2024-03-08,0.011300622481059536,0.011200622481059536,0.8704193314053321,0.5760949386721097
2024-03-11,-0.003375263067852574,-0.0035752630678525742,0.8641061741146423,0.570459984646446
2024-03-12,-0.0034632974218121613,-0.0036632974218121614,0.8576502200078469,0.5647069226336314
2024-03-13,-0.0035742303177105916,-0.0038742303177105916,0.8510105502717928,0.5586448876356325
2024-03-14,0.014187430863947637,0.013937430863947636,0.8772716344822116,0.5803683929984997
2024-03-15,0.01272776193937324,0.01262776193937324,0.9011651009414394,0.6003249088417948
2024-03-18,-0.009586536613065416,-0.009786536613065416,0.8829395120937822,0.5846632705286141
2024-03-19,-0.0005785105197392392,-0.0006785105197392392,0.8818502117780034,0.5835880598293162
2024-03-20,-0.0023813878021369584,-0.0025313878021369584,0.8773687966382264,0.5795793843310546
2024-03-21,-0.008814556038436583,-0.008864556038436583,0.8608206241754464,0.5655771143614927
2024-03-22,-0.008596404511061117,-0.008696404511061117,0.8448242573675089,0.5519622224817453
2024-03-25,-0.003303047708855339,-0.003503047708855339,0.8387307148309704,0.5465256247740506
2024-03-26,-0.017027048988736686,-0.017177048988736687,0.8074225568724487,0.5199608783549701
2024-03-27,0.012005374325389678,0.011855374325389677,0.8291213412318552,0.5379805835278164
2024-03-28,0.018737957777059656,0.018487957777059656,0.8633953396929765,0.566414703618016
2024-03-29,0.0196919474342087,0.019591947434208702,0.9000892227713602,0.5971038181514718
2024-04-01,-0.012678742124111492,-0.012828742124111493,0.8759984815030386,0.5766149851229729
2024-04-02,-0.0037805835812751544,-0.003930583581275154,0.868906112445371,0.5704179681484562
2024-04-03,-0.012360933723944877,-0.012560933723944878,0.8458046878531582,0.5506920521316514
2024-04-08,0.001884165801105231,0.0018341658011052308,0.849282489921531,0.5535362784617168
2024-04-09,-0.01722408432060285,-0.01737408432060285,0.8174302923825081,0.5265450081646075
2024-04-10,-0.0051419019686759545,-0.005441901968675954,0.8080852439841752,0.518237699879404
2024-04-11,0.010516046709309246,0.010416046709309247,0.8270991528643257,0.5340517346771823
2024-04-12,0.015791437722784168,0.015591437722784167,0.8559516753501344,0.5579698067619305
2024-04-15,-0.027901798624016438,-0.02820179862401644,0.804167285448609,0.5140322560093329
2024-04-16,0.029860825635162964,0.029760825635162965,0.8580412101760551,0.559091105986439
2024-04-17,0.00013290821985513236,-0.00011709178014486765,0.858288159125717,0.5589085492334309
2024-04-18,-0.01727163430893277,-0.01732163430893277,0.8261924856006777,0.5319057054225405
2024-04-19,-0.01294733172197059,-0.013097331721970591,0.8025481657014357,0.511841828231842
2024-04-22,0.0010442647275779038,0.0008442647275779038,0.804430503170638,0.5131182229610951
2024-04-23,0.01739347701791833,0.01724347701791833,0.8358158236579671,0.5392096422641184
2024-04-24,0.007883678571255558,0.007733678571255558,0.8502888055277111,0.5511133948911664
2024-04-25,0.028256190601044794,0.028106190601044793,0.9025709186836817,0.5947092836118111
2024-04-26,0.02271386262822963,0.022413862628229628,0.9457856531711277,0.6304528784266485
2024-04-29,-0.002285886534577841,-0.0026358865345778412,0.9413378079473691,0.6261551896391402
2024-04-30,0.014223881765423385,0.014023881765423385,0.9689511673943587,0.6489601977508692
2024-05-06,-0.003312956135409539,-0.003462956135409539,0.962428118544018,0.6432499209170217
2024-05-07,-0.007689691641862895,-0.007839691641862895,0.9473376514430931,0.6303673482465166
2024-05-08,0.008723351292499598,0.008623351292499599,0.9643249618617422,0.6444265786262673
2024-05-09,-0.007048733059062545,-0.007248733059062545,0.9504789595643257,0.6325065693225778
2024-05-10,-0.014334156190133668,-0.014634156190133668,0.9225204895123613,0.608616213205692
2024-05-13,0.0014623069693317004,0.0012123069693317004,0.9253318046228585,0.6105663498519414
2024-05-14,-0.01131248500546037,-0.01141248500546037,0.9035515174525266,0.5921857855339572
2024-05-15,0.008216539565319824,0.008066539565319823,0.9191921238102998,0.6050292151683068
2024-05-16,0.019178493646105278,0.01897849364610528,0.9559993377624509,0.6354902519301917
2024-05-17,0.010338274350628179,0.010138274350628178,0.9762209955458863,0.652071300802038
2024-05-20,-0.0038897283450444963,-0.004139728345044496,0.9685340327234393,0.6452321744100733
2024-05-21,0.0003901985148840381,0.00019019851488403814,0.9693021517795066,0.6455450951262856
2024-05-22,-0.013192992494572864,-0.013342992494572865,0.9433211632715335,0.6235885992725343
2024-05-23,-0.019499592690231205,-0.019599592690231205,0.9054271921214323,0.5917669240302894
2024-05-24,0.014512062123986235,0.014362062123986235,0.9330788699062311,0.6146279794801188
2024-05-27,-0.012957994165701286,-0.013157994165701287,0.9080300451881458,0.5933827139463415
2024-05-28,0.0029293810615572623,0.0028293810615572625,0.9136193922674021,0.5978910008209939
2024-05-29,-0.0011934409676327474,-0.0014434409676327474,0.9113356004882136,0.5955845394885972
2024-05-30,-0.0009353256338658855,-0.0013353256338658856,0.9095478793061564,0.5934539145520181
2024-05-31,-0.0007208199072701426,-0.0008708199072701426,0.9081714391808671,0.5920663031619087
2024-06-03,0.010740738777018977,0.010440738777018977,0.9286666101508769,0.6086886515489163
2024-06-04,0.0033440381710169277,0.003194038171016928,0.9351161449143874,0.6138268645072453
2024-06-05,-0.004564401294076648,-0.004664401294076648,0.9262834982783517,0.6062993283920222
2024-06-06,-0.0071753139057337545,-0.007425313905733755,0.9124618095067696,0.594372051652142
2024-06-07,-0.0018105359356180462,-0.0018105359356180462,0.9089992286751605,0.5914853837578806
2024-06-11,-0.0002462954215006863,-0.0004962954215006862,0.9085290509054895,0.5906955368485365
2024-06-12,-0.0006586533912350589,-0.000958653391235059,0.9072719917738401,0.5891706111777142
2024-06-13,0.011535118576177238,0.011335118576177238,0.929272600355973,0.6071840484931896
2024-06-14,0.006955450923888018,0.006755450923888019,0.942691561246551,0.6180413014584412
2024-06-17,0.007100947112476341,0.007000947112476341,0.9564865112788168,0.6293691230357541
2024-06-18,-0.010387798684873523,-0.010537798684873523,0.936162923269982,0.6121991592338545
2024-06-19,-0.0051534494828471,-0.0052034494828471,0.9261850054543486,0.6038101623524925
2024-06-20,0.0006876283074043532,0.0005376283074043531,0.9275095047893969,0.604672416095476
2024-06-21,-0.009956485952098554,-0.010056485952098553,0.9083182834824248,0.5885350504852918
2024-06-24,-0.011041243555809894,-0.011141243555809893,0.8872480765324902,0.5708367945908943
2024-06-25,0.014650468796330186,0.014450468796330185,0.9148971455886636,0.5935361226752576
2024-06-26,-0.014870213153213036,-0.015020213153213037,0.8864222168672811,0.5696008704453306
2024-06-27,0.004350464219234074,0.004250464219234073,0.8946290292241303,0.576272402783637
2024-06-28,0.0057441535565131265,0.0055941535565131265,0.9055120693006209,0.5850903126517026
2024-07-01,-0.007914432270954164,-0.008164432270954165,0.8904310230866554,0.5721489501507122
2024-07-02,0.0013890677197663736,0.0010890677197663737,0.89305695979727,0.5738611268229858
2024-07-03,-0.008495280555454971,-0.008695280555454972,0.8769749098163355,0.5601759627699354
2024-07-04,0.004896084012598956,0.004746084012598956,0.8861647366643366,0.5675806889636792
2024-07-05,-0.002085001759463517,-0.002185001759463517,0.8822320798697536,0.5641555224001924
2024-07-08,0.02820918312661851,0.02805918312661851,0.9353283092975955,0.6080444486417311
2024-07-09,0.0075754471055506645,0.007525447105550665,0.9499892865365542,0.6201457020833587
2024-07-10,0.01714393077542864,0.01694393077542864,0.9834197678777643,0.6475973387055673
2024-07-11,0.0004567563407918751,0.0002567563407918751,0.9843257074331941,0.6480203697693516
2024-07-12,-0.003257365143999752,-0.003557365143999752,0.9778620340394586,0.6421577595493326
2024-07-15,0.016427701537318207,0.016177701537318206,1.0103537612166518,0.6687240976605127
2024-07-16,-0.007582819749292707,-0.007682819749292707,0.9951096110130331,0.6559035912068858
2024-07-17,-0.00011602543070102223,-0.00021602543070102222,0.9948781275611196,0.6555458739203961
2024-07-18,0.0004340180309984454,0.00023401803099844544,0.9957439406381257,0.6559333015060387
2024-07-19,-0.001568930289684256,-0.001718930289684256,0.9926127575192045,0.653086867596383
2024-07-22,-0.02872551697005988,-0.02887551697005988,0.9353739259383289,0.6053531296981205
2024-07-23,-0.011485477196139826,-0.011685477196139826,0.9131452328459606,0.5865938123092813
2024-07-24,-0.006754030249648224,-0.006904030249648224,0.9002237920713485,0.5756399206351932
2024-07-25,0.013214919653046737,0.013014919653046736,0.9253350968063789,0.5961467476043931
2024-07-26,0.0032153418967508286,0.0028653418967508285,0.9315257074084253,0.6007202537536664
2024-07-29,-0.003767792001174064,-0.004017792001174064,0.9242481202979898,0.5942888927220178
2024-07-30,0.03316903101481784,0.03286903101481784,0.9880735658803588,0.6466916237834774
2024-07-31,0.0013282615798225427,0.0011282615798225428,0.9907142476157782,0.6485495226764078
2024-08-01,-0.013588773879094412,-0.013788773879094413,0.9636628818470359,0.6258180460797338
2024-08-02,-0.01896429051529888,-0.019114290515298882,0.9264234084815797,0.5947416876219502
2024-08-05,0.011786544982447123,0.011586544982447123,0.9491292846408868,0.6132192339209654
2024-08-06,-0.002980130953047266,-0.0031801309530472663,0.9433206241282375,0.6080889855011222
2024-08-07,-0.00294754694874782,-0.00309754694874782,0.9375925953521498,0.6031078543707682
2024-08-08,-0.004210069627572349,-0.004360069627572349,0.9294351956158486,0.5961181925052037
2024-08-09,-0.0063777619586151855,-0.006627761958615186,0.9171297172236366,0.5855395010674642
2024-08-12,0.008085209224172996,0.007935209224172995,0.9326301120972693,0.5981210887416253
2024-08-13,-0.007273450401386034,-0.007523450401386034,0.9185732228327046,0.5860977039950686
2024-08-14,0.011009884141265202,0.010809884141265201,0.9396964917326263,0.603243236411982
2024-08-15,0.0019239664273219936,0.0016739664273219936,0.9434284026619142,0.6059270117645668
2024-08-16,0.005163552740771876,0.0049635527407718765,0.9534633977169731,0.6138981151852902
2024-08-19,-0.010041600366768006,-0.010241600366768007,0.9338474989459904,0.5973692156568824
2024-08-20,-0.003363032053777437,-0.003563032053777437,0.9273439078199177,0.5916777379397797
2024-08-21,-0.007117111300815576,-0.007167111300815576,0.9136267867130146,0.5802700064369348
2024-08-22,0.0020205387895874784,0.0018205387895874785,0.917493343864362,0.583146949281675
2024-08-23,0.0005300948580391485,0.00038009485803914845,0.9185097972262688,0.5837486952966175
2024-08-26,-0.011460545942831352,-0.011660545942831353,0.8965226275533851,0.5652813208732121
2024-08-27,-0.001141147578994328,-0.001341147578994328,0.8943584153484445,0.5631820476192781
2024-08-28,0.010410153409720435,0.010160153409720435,0.9140789770652169,0.579064217030411
2024-08-29,0.020410903543500926,0.020260903543500925,0.953147058440738,0.6110574848206578
2024-08-30,-0.01644845374257827,-0.01664845374257827,0.9210208093975227,0.5842358688079865
2024-09-02,0.010185299727659391,0.009935299727659391,0.9405869821243076,0.5999757270039028
2024-09-03,-0.010378655056665465,-0.010578655056665465,0.920446299229384,0.5830501356888911
2024-09-04,0.0008430730807803877,0.0006430730807803877,0.9220653758073487,0.5840681526166784
2024-09-05,-0.015639050541824913,-0.015789050541824914,0.8920060982504059,0.5590572204933186
2024-09-06,-0.011764792150779213,-0.011914792150779214,0.869747039756483,0.5404813777599693
2024-09-09,0.005528965288978083,0.005428965288978083,0.8800848062384661,0.5488445976881453
2024-09-10,-0.004993850106649866,-0.005193850106649866,0.8706959445283213,0.5408001310092587
2024-09-11,-0.0024004551473422453,-0.0026004551473422454,0.866205422819166,0.5367933493775501
2024-09-12,0.0009147097044345798,0.0008147097044345798,0.8679124590298872,0.5380453898329987
2024-09-13,0.0055987965106731544,0.005398796510673155,0.8783705207877468,0.546348983916886
2024-09-18,0.015388550064732281,0.01523855006473228,0.9072759195870066,0.5699131003258513
2024-09-19,0.004900636736576147,0.004650636736576147,0.9166227860253215,0.5772141958634589
2024-09-20,-0.0013386089677771885,-0.0014886089677771885,0.9140571775761019,0.5748663406673911
2024-09-23,0.029129910981770736,0.028979910981770735,0.969813492772913,0.6205058270281192
2024-09-24,0.011714033137578628,0.011514033137578627,0.9928879533021044,0.6391643848201602
2024-09-25,0.03334555098635193,0.03309555098635193,1.0593419001590263,0.6934134332929882
2024-09-26,0.04080111251403604,0.04050111251403604,1.1433653407322835,0.7619985612875675
2024-09-27,0.10273360229133366,0.10248360229133366,1.363560983212103,0.9425745210804646
2024-09-30,0.050284977648092324,0.049834977648092325,1.4824125944228266,1.0393826789182632
2024-10-08,-0.05478791071153819,-0.05508791071153819,1.346406394850391,0.9270373479953564
2024-10-09,-0.035039910106805565,-0.03563991010680557,1.2641885257007996,0.8583579101403449
2024-10-10,-0.03149601384414226,-0.03184601384414226,1.1928756125495794,0.799176618406644
2024-10-11,0.026216699154033508,0.025916699154033506,1.2503655727660088,0.8458053375508605
2024-10-14,-0.024066251720606363,-0.024166251720606362,1.1962077084284353,0.8011991411363677
2024-10-15,-0.01848685530677872,-0.01868685530677872,1.1556067342990866,0.7675403934072582
2024-10-16,-0.009234219120452908,-0.009384219120452909,1.135701389377045,0.7509534070512729
2024-10-17,0.04487363829498701,0.04462363829498701,1.2315380810300516,0.8290873185589038
2024-10-18,0.015135234213823078,0.015035234213823079,1.2653129325435066,0.8565880747909707
2024-10-21,-0.002693844877257251,-0.0028938448772572512,1.2592105309047898,0.8512153969015599
2024-10-22,0.022671484808237014,0.022521484808237013,1.310430188134807,0.8929075163396527
2024-10-23,-0.012854258145147474,-0.013054258145147475,1.2807313220701806,0.8681970129764649
2024-10-24,0.00487171680312089,0.00477171680312089,1.291842399175314,0.877111520054825
2024-10-25,0.009961615082832925,0.009861615082832925,1.314672850986415,0.8956228713331573
2024-10-28,0.0001619385487705627,1.1938548770562676e-05,1.3150476857487825,0.8956455023192571
2024-10-29,-0.0013184455379239457,-0.0015184455379239456,1.3119954214574259,0.892767067864775
2024-10-30,0.004163342506024686,0.003913342506024686,1.3216210502693144,0.900174113685454
2024-10-31,-0.01467358423662019,-0.01507358423662019,1.2875545482226767,0.8715316791185712
2024-11-01,0.018848610670133777,0.018548610670133775,1.3306717732888198,0.9062459915913634
2024-11-04,0.032836924705607916,0.03243692470560792,1.4072038668217903,0.9680787492909795
2024-11-05,0.003933297341944508,0.003483297341944508,1.4166721153926791,0.9749341527671223
2024-11-06,0.020787031162332076,0.020487031162332074,1.4669075539644858,1.015394690298416
2024-11-07,0.008758573557636956,0.008708573557636956,1.488514145235774,1.0329459032065507
2024-11-08,0.03301176938696485,0.03291176938696485,1.5706644003144974,1.0998537499490597
2024-11-11,-0.009896225475728705,-0.010046225475728705,1.5452245257865562,1.0787581457110167
2024-11-12,0.002005280578949714,0.001955280578949714,1.5503284150971823,1.0828227011416591
2024-11-13,-0.038831789319859714,-0.038931789319859716,1.4512945993856765,1.0017346865501908
2024-11-14,-0.03309399799522263,-0.03324399799522263,1.370171460827907,0.9351890226435486
2024-11-15,-0.02250439174610596,-0.02265439174610596,1.3168321937679957,0.8913484924218178
2024-11-18,0.037498030401920804,0.0374480304019208,1.403708837806057,0.9621757682666574
2024-11-19,0.005988528498006279,0.00593852849800628,1.418103516682168,0.9738282049846063
2024-11-20,-0.0014010821446050702,-0.0015510821446050702,1.4147155550211377,0.9707666352993367
2024-11-21,-0.041685335610618636,-0.04173533561061864,1.3140573267059006,0.8885160283649094
2024-11-22,-0.0030348617531368526,-0.0031348617531368524,1.307034482630515,0.8825957916974023
2024-11-25,-0.004457132414007331,-0.004457132414007331,1.2967517244577498,0.8742048129717539
2024-11-26,0.023341459720083602,0.0232914597200836,1.3503612623212131,0.9178577788802722
2024-11-27,-0.009951306539114713,-0.009951306539114713,1.3269720969221943,0.898772588224209
2024-11-28,0.017246927448956985,0.017196927448956983,1.367105215853559,0.9314256426659691
2024-11-29,0.013130137032928969,0.013080137032928969,1.3981856317090768,0.956688954740953
2024-12-02,-0.005055421300690727,-0.005205421300690727,1.3860617929835244,0.9465035643771182
2024-12-03,-0.013123407884145611,-0.01347340788414561,1.3547485308374259,0.920277527906322
2024-12-04,0.007807273470637105,0.0077072734706371045,1.3731326965722546,0.9350776319534151
2024-12-05,0.014584242954113891,0.014534242954113891,1.4077430403814155,0.9632025203912975
2024-12-06,-0.0056465645499673926,-0.005746564549967393,1.3941475638841672,0.9519208503832104
2024-12-09,0.00448209426680316,0.0042820942668031605,1.4048783589541332,0.9602791594658899
2024-12-10,-0.0007868297608163932,-0.0009868297608163932,1.402986129090165,0.9583446976518208
2024-12-11,0.003474495845982689,0.003374495845982689,1.411335294413643,0.9649531236990492
2024-12-12,-0.024515981775850737,-0.024665981775850738,1.3522190422803324,0.9164856257594873
2024-12-13,-0.012075481055411025,-0.012375481055411025,1.3238148657970994,0.8927681942049333
2024-12-16,-0.012234503451493123,-0.012484503451493123,1.2953841448008738,0.8691379231515055
2024-12-17,0.008451695857690001,0.008351695857690002,1.3147840334692944,0.8847483946017412
2024-12-18,0.006569539159934784,0.006369539159934785,1.3299910978239624,0.896753373307781
2024-12-19,0.017119523434828327,0.017019523434828328,1.369879435026101,0.9290352117948824
2024-12-20,-0.021098569547506614,-0.021298569547506613,1.319878368946997,0.8879495211768798
2024-12-23,0.012749218728432887,0.012649218728432887,1.3494550056960621,0.9118306076184861
2024-12-24,-0.016587408130796844,-0.016737408130796844,1.3104836366316381,0.8798315184618262
2024-12-25,0.01882177738584843,0.01872177738584843,1.3539710452939642,0.9150253056733697
2024-12-26,0.0013415116000762227,0.0012415116000762227,1.3571289247574692,0.9174028318048024
2024-12-27,0.0006490278390627269,0.0005990278390627269,1.3586587670498966,0.9185514094797511
2024-12-30,-0.03020519515562542,-0.03035519515562542,1.2874150186856275,0.8603134070288929
2024-12-31,-0.04034774294307752,-0.04059774294307752,1.195122985507565,0.7847888815367732
2025-01-02,-0.021156554880746397,-0.021406554880746397,1.1486817455946863,0.7465827003936103
2025-01-03,-0.0024211335703002213,-0.002521133570300221,1.1434795000885356,0.7421793321143424
2025-01-06,0.016951281393988753,0.016851281393988754,1.1798142242567828,0.7715372862785925
2025-01-07,-0.006550544670343888,-0.006750544670343888,1.1655352538077377,0.7595784446923892
2025-01-08,-0.002744245932537542,-0.002844245932537542,1.159592492495709,0.7545737708580922
2025-01-09,-0.015815979474303677,-0.015965979474303678,1.1254364219615365,0.7265602820464203
2025-01-10,0.008571215077744377,0.008371215077744376,1.1436539946682402,0.741013689512122
2025-01-13,0.036227667489984815,0.03612766748998481,1.2213135788006588,0.8039124531823276
2025-01-14,-0.013053167696900264,-0.013253167696900265,1.1923184001491722,0.7800048989297756
2025-01-15,0.0028717411107120673,0.0027717411107120674,1.1986141710266511,0.784938611685408
2025-01-16,-0.00021754847534031786,-0.0004175484753403178,1.1981358658658827,0.7841933132895227
2025-01-17,0.0031933651330122046,0.0029933651330122046,1.2051553162975628,0.7895340553440773
2025-01-20,0.00019192948360157168,4.192948360157167e-05,1.205578550618681,0.7896090895829053
2025-01-21,-0.006962648035806052,-0.0071626480358060515,1.1902218834553997,0.7767907495525437
2025-01-22,-0.007913787627271024,-0.008163787627271024,1.172888932613132,0.7622854072150971
2025-01-23,0.013510937030571584,0.013360937030571583,1.2022466981560935,0.7858311915707932
2025-01-24,-0.008074003916100391,-0.008274003916100392,1.184465749690962,0.7710552172982421
2025-01-27,0.0022297838234828947,0.0020297838234828946,1.1893366360825754,0.7746500765288089
2025-02-05,0.02439722904011473,0.02404722904011473,1.2427503834389961,0.8173254933851544
2025-02-06,0.0031957235663905514,0.0030457235663905514,1.2499175936928837,0.8228605644681599
2025-02-07,0.006332821233308234,0.005982821233308234,1.2641659196034158,0.8337664133586202
2025-02-10,-0.009184303764075936,-0.009334303764075937,1.2433711320255099,0.8166494806239708
2025-02-11,0.012822356141950647,0.012722356141950648,1.2721364356389122,0.8397615423015587
2025-02-12,-0.004624737940545087,-0.004874737940545088,1.261628400058918,0.8307931869097456
2025-02-13,0.01185457609640293,0.01180457609640293,1.2884390460292021,0.8524049244013978
2025-02-14,-0.0022880878192914787,-0.0024380878192914787,1.2832028965227917,0.8478885985188194
2025-02-17,-0.01737886148320722,-0.01752886148320722,1.2435234296460647,0.815497215238985
2025-02-18,0.007326456020885846,0.007176456020885846,1.2599605053851937,0.8285260511601882
2025-02-19,-0.001499964752785482,-0.0015999647527854821,1.2565706442844284,0.8256004739287819
2025-02-20,0.02310537405829028,0.02305537405829028,1.3087095531095772,0.8676903757362022
2025-02-21,0.006257837500573455,0.006107837500573455,1.3231570823289585,0.8790979250525839
2025-02-24,-0.00011597015437077585,-0.00036597015437077584,1.322887665443493,0.8784102312948745
2025-02-25,0.01540399547629594,0.01535399547629594,1.3586694165339281,0.9072513334888042
2025-02-26,0.003389264653337726,0.003239264653337726,1.3666635714162956,0.9134294253184057
2025-02-27,-0.027762718075232368,-0.027962718075232366,1.3009585579041425,0.8599247377413732
2025-02-28,0.0058566499660416774,0.005606649966041677,1.3144344667641552,0.870352684709071
2025-03-03,0.007758891064310447,0.0075588910643104475,1.3323919116672638,0.8844904769046276
2025-03-04,0.0033980823817897853,0.0032480823817897853,1.3403175715297295,0.890611457221312
2025-03-05,0.01132522250519959,0.01112522250519959,1.366822188760132,0.9116449303537788
2025-03-06,-0.0014484560218921306,-0.0016984560218921306,1.3633939509080744,0.9083980855100999
2025-03-07,0.0015216841583079676,0.0013216841583079677,1.3669902900430118,0.9109203850274639
2025-03-10,0.005770695203170284,0.0056706952031702835,1.3806494695557134,0.9217566320884794
2025-03-11,-0.004579042686221247,-0.004729042686221247,1.369748374013688,0.9126685629428042
2025-03-12,-0.010938526988751135,-0.011088526988751136,1.3438268174679902,0.891459885962077
2025-03-13,0.023546615210691835,0.023396615210691835,1.3990160056594094,0.9357136451003909
2025-03-14,0.006349481390536055,0.006199481390536055,1.414248513142942,0.9477140658205974
2025-03-17,0.001173727211973946,0.0009737272119739461,1.4170821823192852,0.9496106080076312
2025-03-18,-0.013951815889293211,-0.01405181588929321,1.3833594967222758,0.922215038688095
2025-03-19,-0.004858263168401706,-0.0051582631684017055,1.3717805090622894,0.9122997476522823
2025-03-20,-0.018431325924512805,-0.018631325924512804,1.3280654494783555,0.8766710677884091
2025-03-21,-0.0005919527497613486,-0.0009919527497613486,1.3266873447339123,0.8748094987623187
2025-03-24,-0.013940217552244866,-0.014140217552244866,1.2942528169722665,0.8482992845808044
2025-03-25,-0.0016050921944431918,-0.0017050921944431919,1.290570329683665,0.8451477638976708
2025-03-26,-0.0016046468841527995,-0.0018546468841527995,1.286894773141205,0.8417256663465564
2025-03-27,-0.004535842273891505,-0.004785842273891505,1.2765217791532497,0.832911457795644
2025-03-28,-0.00864275456207846,-0.00909275456207846,1.256846360160802,0.8162452437758867
2025-03-31,0.0039307874283772744,0.0036307874283772745,1.2657175434611014,0.8228396441738381
2025-04-01,-0.004466849642509968,-0.004616849642509968,1.2555969238620635,0.8144238676142812
2025-04-02,-0.011367453932153554,-0.011567453932153554,1.2299565297405541,0.7934356031122531
2025-04-03,-0.09141191261556714,-0.09156191261556713,1.0261119383073973,0.629225209138442
2025-04-07,0.0007309278116491069,3.09278116491069e-05,1.0275928798726208,0.6292755975088442
2025-04-08,0.04028876575228813,0.040138765752288134,1.109282094450816,0.6946727090631708
2025-04-09,0.02166437540490972,0.02136437540490972,1.1549783735798527,0.7308783330080517
2025-04-10,0.024567364254004576,0.024317364254004575,1.2079205122430912,0.7729687319111729
2025-04-11,0.0019713974630348684,0.0018213974630348685,1.2122732011395096,0.7761980126615158
2025-04-14,-0.0029532769470179744,-0.0031032769470179743,1.2057397456940788,0.7706859783154842
2025-04-15,-0.00561093046671649,-0.00566093046671649,1.1933634933533166,0.7606622481138505
2025-04-16,-0.004536783545378992,-0.004686783545378992,1.1834126779476364,0.7524104052604206
2025-04-17,0.003140087275661557,0.0028900872756615573,1.1902687843151778,0.7574750242744008
2025-04-18,0.01744406723597284,0.017294067235972838,1.228475980253624,0.7878689155097456
2025-04-21,-0.007728156064503616,-0.007978156064503616,1.2112539700922262,0.773605018278934
2025-04-22,3.5771695785502544e-06,-4.642283042144979e-05,1.2112618801226587,0.7735226825139359
2025-04-23,-0.004758171446502956,-0.004908171446502956,1.2007403169839188,0.7648179291238957
2025-04-24,0.0025563381069901915,0.0024063381069901915,1.2063661533198147,0.7690646777586458
2025-04-25,-0.003808466339145511,-0.004008466339145511,1.197963282093066,0.761973441546079
2025-04-28,-0.0027781237931919,-0.0029781237931919002,1.1918570680025211,0.7567260665168385
2025-04-29,-0.0038836081709217652,-0.004133608170921765,1.1833447539837336,0.7494644492942133
2025-04-30,0.02005630999982282,0.01990630999982282,1.227134593206118,0.7842898309555333
2025-05-06,0.0031306036128463223,0.0029306036128463222,1.2341068688099037,0.7895188771804964
2025-05-07,0.004394228822431806,0.004144228822431806,1.2439240456052212,0.7969350528895935
2025-05-08,-0.003629276493479311,-0.004179276493479311,1.235780224813353,0.7894251644627432
2025-05-09,0.013437388176537945,0.013037388176537946,1.2658232715715974,0.8127545949447093
2025-05-12,-0.0016591166311112793,-0.0018091166311112793,1.2620640064985738,0.8094751104588713
2025-05-13,0.005695126195238637,0.005545126195238637,1.2749467464772906,0.8195088782935092
2025-05-14,-0.018536333174174812,-0.01863633317417481,1.2327775756310824,0.7855999046242623
2025-05-15,0.0016272709213520143,0.0014272709213520144,1.2364109096537539,0.7881484394453016
2025-05-16,-0.004966797693837749,-0.005166797693837748,1.2253031091052118,0.778909438212136
2025-05-19,0.0034929433542579213,0.003442943354257921,1.23307596681137,0.7850341226402553
2025-05-20,-0.0013412229440737887,-0.0013912229440737889,1.230080914088823,0.7825507422128835
2025-05-21,0.002937859398645104,0.002837859398645104,1.236632578262018,0.7876093705902341
2025-05-22,-0.008938443233291526,-0.009088443233291527,1.2166405649274927,0.7713627843023247
2025-05-23,0.0006687664341492539,0.0005187664341492538,1.2181229797338897,0.7722817078575219
2025-05-26,-0.005277728967615058,-0.005427728967615058,1.2064163278300155,0.7626622430930095
2025-05-27,1.0457819899939435e-05,-3.9542180100060606e-05,1.2064394021345959,0.7625925435851375
2025-05-28,0.013236502400091193,0.013136502400091194,1.2356449425766058,0.7857468447643263
2025-05-29,-0.0070928008368699395,-0.007292800836869939,1.2197879582569544,0.7727237486803913
2025-05-30,0.0028276718795035294,0.0027276718795035296,1.226064790244978,0.7775591573997949
2025-06-03,0.008509345722606953,0.008359345722606952,1.245007145146095,0.7924183889388858
2025-06-04,0.019607020070899983,0.019457020070899982,1.289025045300288,0.8272935095079197
2025-06-05,0.0014293712999727704,0.0012793712999727704,1.292296912004959,0.8296312963806107
2025-06-06,0.009057466164773476,0.008757466164773476,1.3130593137250588,0.8456542305526746
2025-06-09,-0.0059273353927677686,-0.0060773353927677685,1.2993490353892452,0.8344375707745253
2025-06-10,0.0025070169704772827,0.0022570169704772824,1.3051135424420166,0.8385779275030443
2025-06-11,-0.0013933145024891068,-0.0015933145024891067,1.3019017943134479,0.8356484946271974
2025-06-12,0.007516360119173194,0.007466360119173194,1.3192037171584787,0.8493541073403021
2025-06-13,0.003974441687065772,0.003774441687065772,1.3284212570927512,0.8563343865771937
2025-06-16,0.0021985319883644884,0.0020485319883644885,1.3335403657088571,0.8601371469491981
2025-06-17,0.00770710600530064,0.00755710600530064,1.3515252086750236,0.8741944005530906
2025-06-18,-0.014343609973949938,-0.014593609973949939,1.317795848237878,0.8468431384560577
2025-06-19,-0.0038403072416516417,-0.003990307241651642,1.30889480005722,0.839473666906482
2025-06-20,-3.419001523705112e-05,-0.00018419001523705113,1.3088158589088255,0.8391348542237462
2025-06-23,0.013959684588486926,0.013809684588486925,1.341046200072089,0.8645327264762692
2025-06-24,0.014197074434734369,0.013997074434734368,1.3742822072296645,0.8906307298347558
2025-06-25,-0.001809303977382537,-0.002009303977382537,1.3699864089886953,0.8868318779895372
2025-06-26,0.008246371463055657,0.008096371463055656,1.3895301972796092,0.9021083697620755
2025-06-27,0.011898143123368538,0.011748143123368537,1.4179611695644527,0.9244546111261978
2025-06-30,0.0005844584560900535,0.0003844584560900535,1.419374367416502,0.925194483974807
2025-07-01,-0.009594282023956707,-0.009894282023956707,1.3961622074139761,0.9061460667993944
2025-07-02,0.01746251297082928,0.017262512970829282,1.4380052210411534,0.9390509380018142
2025-07-03,-0.0002298251552731112,-0.00047982515527311123,1.4374449061126708,0.9381205325844049
2025-07-04,-0.012184829330176644,-0.012434829330176644,1.4077450559299796,0.9140203345404068
2025-07-07,0.02654355694154969,0.02644355694154969,1.4716551739227919,0.9646338402441101
2025-07-08,-0.00030582466581653976,-0.00040582466581653976,1.4708992808052135,0.9638365433724412
2025-07-09,-0.006003453813816917,-0.0061034538138169175,1.4560653510943058,0.9518503577320816
2025-07-10,-0.0010585147595651434,-0.0011585147595651434,1.4534655696697159,0.9495891102841865
2025-07-11,-0.0003089025357386699,-0.0005089025357386699,1.4527076879338972,0.9485969594423145
2025-07-14,0.01162023013587275,0.011470230135872748,1.4812087157237133,0.9709478150091795
2025-07-15,0.005822490006693814,0.005722490006693814,1.4956555286755364,0.9822265441842846
2025-07-16,0.013774210814148202,0.013524210814148202,1.5300312140470074,1.0090345938492336
2025-07-17,-0.0024976754094021723,-0.0026476754094021723,1.5237120172986622,1.0037153223584605
2025-07-18,0.004993875715449475,0.004843875715449475,1.536315121454638,1.0134210703491067
2025-07-21,0.0022891451571931455,0.0022391451571931453,1.5421211149320317,1.01792941238817
2025-07-22,0.0037523242755013175,0.0035523242755013174,1.5516599777028555,1.0250977520260447
2025-07-23,0.013115329811018418,0.012965329811018417,1.5851258398760044,1.051353812280614
2025-07-24,-0.011892566299462625,-0.012042566299462626,1.5543820594328248,1.0266502479925692
2025-07-25,0.0015913915435684435,0.0013913915435684436,1.558447081441249,1.0294701120093968
2025-07-28,0.015929292962081548,0.015829292962081548,1.5992013345295093,1.0615951889701818
2025-07-29,-0.0068512017663500905,-0.00705120176635009,1.581393681755281,1.0470584653322166
2025-07-30,-0.010139821795976122,-0.010289821795976123,1.5552188098370237,1.0259945985180035
2025-07-31,-0.013080039765508871,-0.013330039765508872,1.521796446194779,0.9989880099550523
2025-08-01,0.010592681233197754,0.010542681233197754,1.5485090320843313,1.0200627033329925
2025-08-04,0.002685645932920322,0.002535645932920322,1.5553534250013592,1.0251848671109425
2025-08-05,0.0016399433564481425,0.0014399433564481427,1.5595440598740673,1.028101018605918
2025-08-06,-7.911569168466692e-05,-0.00017911569168466688,1.559341559775373,1.027737753889164
2025-08-07,0.001649164118001817,0.001399164118001817,1.5635623340414657,1.0305748917951232
2025-08-08,0.0009415459244020042,0.0007915459244020042,1.565976045709033,1.0321821850749169
2025-08-11,0.011942997053598785,0.011892997053598786,1.596621490062541,1.056350921814389
2025-08-12,0.02435697048803611,0.02425697048803611,1.6598673230645948,1.1062317654378866
2025-08-13,-0.007290691566101593,-0.0074906915661015925,1.6404750508053785,1.0904546329162659
2025-08-14,-0.0017013386292508703,-0.0019513386292508703,1.6359827086018703,1.08637544803836
2025-08-15,0.024951548453341344,0.024751548453341345,1.7017545588777199,1.1380164710323433
2025-08-18,-0.002762514231978902,-0.0030125142319789022,1.694290923457506,1.131575665985153
2025-08-19,0.0073919633058430745,0.007141963305843074,1.7142070230989699,1.146799301175247
2025-08-20,0.010281346353928116,0.010081346353928116,1.7421127255797146,1.1684419284827658
2025-08-21,0.016191030866729888,0.015941030866729888,1.7865103573596288,1.203009128197421
2025-08-22,0.030663806365824543,0.030563806365824543,1.8719553713940686,1.2703414726137905
2025-08-25,-0.0036152047524700194,-0.0037652047524700193,1.861572664686523,1.2617931721113753
2025-08-26,-0.013302024988790606,-0.013402024988790605,1.8235079535936225,1.2314805634992627
2025-08-27,0.024003623255716623,0.023903623255716624,1.8912823747712033,1.2848210341916033
2025-08-28,0.014257020982459328,0.014157020982459328,1.932503448254531,1.3171672935138181
2025-08-29,0.02205540628050196,0.02190540628050196,1.9971810032247577,1.3679257844981296
2025-09-01,-0.013513293706669016,-0.013663293706669017,1.9566792160361328,1.3355721190289374
2025-09-02,-0.002973869518081118,-0.003073869518081118,1.9478864378408192,1.3283928750849743
2025-09-03,-0.030044378416193823,-0.030094378416193824,1.8593190221743643,1.2583213388005978
2025-09-04,0.039185238884372975,0.03903523888437298,1.9713621211048986,1.346475451738356
2025-09-05,0.0012950967729944529,0.0012450967729944527,1.9752103225993398,1.3493970407512261
2025-09-08,-0.0012798784855027946,-0.0013798784855027946,1.9714024149175988,1.3461551583207894
2025-09-09,-0.001814143050202871,-0.001964143050202871,1.96601186587722,1.3415469739718762
2025-09-10,0.02053527920067135,0.020335279200671352,2.0269197476555134,1.3891629854490812
2025-09-11,-0.005211285907188112,-0.005311285907188113,2.0111456034323667,1.3764734577544901
2025-09-12,0.00732545490322597,0.00722545490322597,2.033203614757358,1.3936445595522087
2025-09-15,5.8204533524564006e-05,-4.179546647543597e-05,2.0333801609588393,1.3935445160612656
2025-09-16,0.01859860549500005,0.018448605495000048,2.0897968018888724,1.437702074572801
2025-09-17,-0.010703947027875749,-0.01090394702787575,2.0567237805945537,1.4111215002819164
2025-09-18,0.008110649682064059,0.007960649682064058,2.0815157963537905,1.4303155938865535
2025-09-19,0.009709556581788698,0.009509556581788698,2.111435948336163,1.453426817538221
2025-09-22,-0.010423549863003501,-0.0105235498630035,2.0790037405831394,1.4276080580886275
2025-09-23,-0.000984667046382498,-0.001084667046382498,2.0759719470640987,1.424974911626486
2025-09-24,0.008312554746687689,0.008112554746687688,2.101541132273345,1.4446476533563999
2025-09-25,-0.013073491982768765,-0.013223491982768766,2.0609931591463417,1.412320874711547
2025-09-26,0.010964954777827862,0.010814954777827861,2.0945568107116217,1.4384100158811624
2025-09-29,-0.0025939898905735005,-0.0028439898905735003,2.0865295616288306,1.431475202446923
2025-09-30,0.016074020392150223,0.015924020392150223,2.136142500743427,1.4701940631536954
2025-10-09,-0.022790156543860345,-0.022940156543860345,2.064669322207631,1.4135274246512353
2025-10-10,-0.008232712934541198,-0.008382712934541198,2.039438779438601,1.3932955170907415
2025-10-13,-0.02633810957976083,-0.02643810957976083,1.9593857078047727,1.3300213079531464
2025-10-14,0.0156567321228597,0.015306732122859702,2.0057200170800917,1.3656863199545404
2025-10-15,-0.0009151065839791417,-0.0010651065839791416,2.002969462902864,1.3631666118795271
2025-10-16,-0.026181372331855617,-0.026331372331855618,1.9243476012934115,1.3009411919399176
2025-10-17,0.015131840215659558,0.014881840215659558,1.9685983619312304,1.3351834311039967
2025-10-20,0.028921796955689305,0.028771796955689304,2.0544555609979978,1.402370854638011
2025-10-21,-0.005512785104107421,-0.00571278510410742,2.03761700388017,1.3886466262050932
2025-10-22,-0.01153653583626979,-0.011686535836269791,2.002573426458044,1.3607316218077625
2025-10-23,0.028015088384165426,0.027815088384165427,2.0866907863802124,1.4263955805196398
2025-10-24,0.010184546135410399,0.010034546135410398,2.118127331099848,1.45074335891512
2025-10-27,-0.006203504950595767,-0.006403504950595767,2.098784012764782,1.4350500116836673
2025-10-28,0.02817699128650547,0.02802699128650547,2.186098422891218,1.5032971371433304
2025-10-29,-0.014592937265464751,-0.014742937265464752,2.13960388848437,1.4663911844936086
2025-10-30,-0.016890681215929015,-0.017090681215929014,2.0865738400596894,1.4242388790056508
2025-10-31,-0.0030290316851853405,-0.0032790316851853407,2.0772245100994846,1.416289722908933
2025-11-03,-0.010091094721923039,-0.01024109472192304,2.0461719460874477,1.3915442709810137
2025-11-04,-0.0023275797632755445,-0.0024775797632755445,2.039081737910277,1.3856190292922537
2025-11-05,0.01951477043158382,0.01936477043158382,2.098388720348415,1.431815994131716
2025-11-06,-0.01407378976226129,-0.014223789762261291,2.0547826488964698,1.397226354690682
2025-11-07,-0.0018662830117386897,-0.00206628301173869,2.0490815599342804,1.3922730065986921
2025-11-10,-0.013511501290797557,-0.013661501290797557,2.007883890501481,1.3595909658311038
2025-11-11,-0.0093750601948829,-0.009575060194882901,1.9796847979688112,1.3369977402979694
2025-11-12,0.01752215275420309,0.01737215275420309,2.0318952901581975,1.377596422028653
2025-11-13,-0.023490193068490074,-0.023640193068490075,1.9606754844289358,1.3213895835729446
2025-11-14,-0.0009062642284615064,-0.0011562642284615064,1.957992330145315,1.318705443837136
2025-11-17,-0.010055510833720272,-0.010155510833720271,1.9282482062234774,1.2951578055820416
2025-11-18,-0.001984896065786573,-0.002134896065786573,1.922435937879298,1.2902578822125452
2025-11-19,-0.004716580675533355,-0.004766580675533354,1.9086520330092123,1.279341183249203
2025-11-20,-0.03479161802439702,-0.034891618024397025,1.80745532251087,1.199811281335995
2025-11-21,0.005045513994850403,0.004895513994850403,1.821620377630516,1.2105804882498048
2025-11-24,0.014287499615413441,0.014237499615413441,1.8619342776907546,1.242053627101102
2025-11-25,0.009770097803343186,0.009670097803343186,1.889895655490534,1.2637345049555102
2025-11-26,-0.0011617133966952907,-0.0012617133966952908,1.8865384249924992,1.2608783208040464
2025-11-27,0.00953751997674504,0.00933751997674504,1.9140688428845074,1.2819893172895442
2025-11-28,0.027946157110994834,0.027746157110994835,1.9955058686000129,1.3453057514126718
2025-12-01,-0.010711055398524428,-0.010961055398524428,1.963420839294833,1.3195987251449597
2025-12-02,-0.006306847891556893,-0.006406847891556894,1.9447309948227307,1.3047374089435069
2025-12-03,0.002433282368362699,0.002283282368362699,1.9518963568320036,1.3099997752330537
2025-12-04,0.009024046702496291,0.00882404670249629,1.978534407416984,1.3303833211324658
2025-12-05,0.006500243651515908,0.006300243651515909,1.9978956067896174,1.3450653038570288
2025-12-08,-0.005263213437940967,-0.0055632134379409665,1.982117042346418,1.3320192050457624
2025-12-09,0.0004912912333696728,0.0003412912333696728,1.9835821303062051,1.332815102756494
2025-12-10,-0.008979254793543268,-0.009129254793543269,1.9567917861607231,1.3115182392972042
2025-12-11,0.018413314711103673,0.01826331471110367,2.011236123854507,1.3537342243619457
2025-12-12,-0.022358475172145266,-0.022558475172145265,1.943909475741839,1.3006375692998482
2025-12-15,-0.019313184000328738,-0.019513184000328736,1.8870532103565254,1.2557448050920312
2025-12-16,0.03004354628204453,0.02999354628204453,1.973790527100597,1.3234025913040401
2025-12-17,-0.015687168303536288,-0.01583716830353629,1.927140174602508,1.2866064734286855
2025-12-18,0.009621831845996787,0.009471831845996787,1.9553046251521953,1.3082648254429698
2025-12-19,0.01263800874758056,0.012488008747580558,1.9926537908566342,1.3370904567748338
2025-12-22,0.008514424683307037,0.008364424683307036,2.0181345161620965,1.3566388738786026
2025-12-23,0.007527380876048484,0.007427380876048484,2.040853164200397,1.374142528382201
2025-12-24,-0.0022050652077228727,-0.0023050652077228726,2.0341478846862246,1.3686699750418518
2025-12-25,0.017950006552978647,0.017850006552978647,2.088610859099049,1.410950749618193
2025-12-26,-0.0160999751610585,-0.0162499751610585,2.0388843009853783,1.3717728598223617
2025-12-29,0.00018449005397139784,3.449005397139783e-05,2.03944494491408,1.3718546623963053
2025-12-30,-0.0058862861989427305,-0.00603628619894273,2.021553902082386,1.3575374688317847
2025-12-31,0.03140361645537262,0.031303616455372614,2.1164416219226156,1.431336917535265
2026-01-05,0.018722441724617383,0.01842244172461738,2.174789018577234,1.4761280802114696
2026-01-06,0.0036605001915282764,0.003410500191528276,2.1864103343877974,1.4845729155032794
2026-01-07,-0.009108965020148185,-0.009208965020148185,2.1573854341120207,1.4616925704344021
2026-01-08,0.009905238738149424,0.009705238738149423,2.1886600906252562,1.4855838845303966
2026-01-09,0.009820252566891601,0.0096702525668916,2.2199735380651635,1.5096201084700014
2026-01-12,0.0018233805591739648,0.0016733805591739649,2.225844775215526,1.5138196579704273
2026-01-13,-0.0014601153430482071,-0.001610115343048207,2.221134669764942,1.5097721183694728
2026-01-14,-0.0016182772167687097,-0.0018182772167687096,2.2159219809167174,1.5052086569073602
2026-01-15,0.0018888721505928407,0.0016888721505928408,2.22199644638495,1.5094396340394347
2026-01-16,0.005259832904591405,0.0050598329045914055,2.2389436093121224,1.5221369792718336
2026-01-19,0.002864101452924822,0.0027141014529248222,2.2482202724094953,1.5289823149117505
2026-01-20,0.0022537334487815253,0.0021037334487815254,2.255540895086435,1.534302619599007
2026-01-21,0.0012554569785623027,0.0011054569785623027,2.2596280866221665,1.5371041821156313
2026-01-22,0.0031148922893742105,0.0030648922893742104,2.2697814770154134,1.5448801331607362
2026-01-23,0.0037762949853934968,0.0037262949853934966,2.2821291364103993,1.5543631072393609
2026-01-26,-0.009737499079091905,-0.009837499079091904,2.2501694069671423,1.5292345625242274
2026-01-27,0.0019419501024531716,0.0018419501024531716,2.2564810737799923,1.5338932863857968
2026-01-28,-0.008895267766852089,-0.008995267766852088,2.2275138026510333,1.5111002377821277
2026-01-29,-0.013479014153925061,-0.013679014153925062,2.1840100984231117,1.4767508620875813
2026-01-30,-0.027161298049460752,-0.027311298049460753,2.0975282511473488,1.4091075810988487
2026-02-02,0.023042364335772912,0.022792364335772912,2.1689026256506354,1.4640168388113262
2026-02-03,0.007057457309387366,0.006907457309387366,2.19126702064877,1.4810369299350272
2026-02-04,-0.013168325486648657,-0.013268325486648656,2.1492433778060596,1.4481177244042538
2026-02-05,0.0025303471635640786,0.0023303471635640785,2.157212056854464,1.4538226885993901
2026-02-06,0.01891770905828042,0.01871770905828042,2.216939275981332,1.4997526277652011
2026-02-09,0.005540188508523458,0.005190188508523459,2.234761725990742,1.5127268151279796
2026-02-10,-0.001806742931131511,-0.002006742931131511,2.2289173431084137,1.5076844183538571
2026-02-11,0.01343427166392704,0.013234271663927039,2.2722954958760977,1.5408717951937492
2026-02-12,-0.016805959406327724,-0.017005959406327723,2.217301430606895,1.4976618325880011
2026-02-13,0.015242745821928333,0.015092745821928332,2.2663419385461627,1.5353584077763833
2026-02-24,0.0018418231414666253,0.0015918231414666253,2.27235796271652,1.5393942499617936
2026-02-25,0.019180820191701097,0.019080820191701098,2.335124472402267,1.587847975041154
2026-02-26,0.0021419525691526164,0.0019919525691526165,2.342268150834373,1.5930028454636136
2026-02-27,-0.008731584790731172,-0.008831584790731171,2.313084853082002,1.5701025209712944
2026-03-02,-0.024679084886536695,-0.024779084886536695,2.231320950756492,1.5064177324370447
2026-03-03,-0.015394926450273327,-0.015594926450273328,2.1815750023823686,1.467330332246028
2026-03-04,0.01527224191880377,0.01517224191880377,2.230164785501571,1.5047652649404673
2026-03-05,0.006456207132330921,0.006306207132330921,2.25101939842833,1.52056083351905
2026-03-06,-0.011700743755159426,-0.011950743755159426,2.212980053504268,1.4904382568783725
2026-03-09,0.014901308648843481,0.01470130864884348,2.2608576609641124,1.527050958363629
2026-03-10,-0.00250664821951333,-0.00265664821951333,2.2526838379141703,1.520337472934473
2026-03-11,-0.009352107185658131,-0.00945210718565813,2.222264390020939,1.4965149729962657
2026-03-12,-0.01481391070670191,-0.014963910706701911,2.1745300530737834,1.4591573458624052
2026-03-13,0.01153262306736023,0.01133262306736023,2.2111407115918906,1.4870260491263938
2026-03-16,-0.02649581552904156,-0.02664581552904156,2.126058919659757,1.420757211805451
2026-03-17,0.011112435163808004,0.010912435163808003,2.16079704672272,1.4471735679265985
2026-03-18,-0.022947136060886792,-0.023097136060886793,2.0882658068307243,1.390650867063592
2026-03-19,-0.01171645284802822,-0.011816452848028219,2.0520822861228143,1.3624018538168374
2026-03-20,-0.03230647781996457,-0.03240647781996457,1.953480257441481,1.2858447305392788
2026-03-23,0.019468158443273993,0.019218158443273993,2.010979079052434,1.3297744567475056
2026-03-24,0.014986037520174933,0.014786037520174933,2.0561017245035753,1.3642225892785196
2026-03-25,-0.019375859093271088,-0.019475859093271087,1.9968871281148912,1.3181773232646026
2026-03-26,0.004055676492567073,0.0039056764925670734,2.0090415327912634,1.3272313739416792
2026-03-27,-0.005350706977044689,-0.005500706977044689,1.99294103326754,1.3144299560858408
2026-03-30,-0.019466709650032492,-0.019616709650032493,1.9346783191732526,1.2690284556319673
2026-03-31,0.030222378764892994,0.030122378764892994,2.023371278888426,1.3373769902008337
2026-04-01,-0.0037653899912729214,-0.0038153899912729216,2.0119871069349977,1.3284589854265896
2026-04-02,-0.0012348080996015976,-0.0013848080996015975,2.0082678808594587,1.3252345165639805
2026-04-03,-0.007214691052528488,-0.007314691052528488,1.9865641574958133,1.3082261444506398
2026-04-07,0.05052306279724128,0.05037306279724128,2.1374545259729643,1.424498564975286
2026-04-08,-0.003119518538249999,-0.0033195185382499993,2.1276671784162753,1.4164503970428899
2026-04-09,0.011613068728928689,0.01151306872892869,2.1639889923204376,1.4442711565440915
2026-04-10,0.0004265454751099962,0.00027654547510999616,2.1653385775084097,1.4449471086723755
2026-04-13,0.005339618554930148,0.005189618554930148,2.18224027810951,1.4576354515533643
2026-04-14,-0.0008139963707402443,-0.0009639963707402442,2.1796499460723053,1.4552662998974641
2026-04-15,0.02100512460428237,0.02085512460428237,2.2464388893875538,1.5064711845185208
2026-04-16,0.010767803987548818,0.010717803987548818,2.281395907006034,1.5333350513746296
2026-04-17,-0.0004244862756706769,-0.000574486275670677,2.280002999478468,1.5318796851559395
2026-04-20,0.001231906472973776,0.0010819064729737761,2.284043656404899,1.5346189421761003
2026-04-21,0.01857954210047875,0.01827954210047875,2.345059683778884,1.5809506158382791
2026-04-22,0.007076428009540919,0.006926428009540919,2.3687307578187635,1.5988273844750633
2026-04-23,0.0002639839835378188,6.398398353781886e-05,2.369620048783679,1.5989936678036494
2026-04-24,0.0011258991314036348,0.0009758991314036348,2.373413901069765,1.6015300234665828
2026-04-27,-0.007083404110966784,-0.007183404110966784,2.3495186471749347,1.5828421820012095
2026-04-28,0.006898020016974588,0.006748020016974588,2.372623693850377,1.6002712527460399
2026-04-29,0.0077757989453500435,0.0074757989453500436,2.398848537612081,1.6197103578349425
2026-04-30,0.028844631790206,0.028744631790206,2.496887072190182,1.6950129674678966
2026-05-06,0.008275503805166496,0.008225503805166496,2.5258255744623295,1.7171808068867764
2026-05-07,-0.013276812600934157,-0.013476812600934158,2.4790138490466123,1.6805618703495084
2026-05-08,0.032799011384470125,0.032599011384470127,2.593122063888221,1.7679455372778086
2026-05-11,-0.006240232434082588,-0.006590232434082587,2.570700147045528,1.749704132822266
2026-05-12,0.012232655489203964,0.012082655489203963,2.6143792917995863,1.7829278605563976
2026-05-13,-0.016945721108023577,-0.017045721108023576,2.5531310283421345,1.7354908483816045
2026-05-14,-0.022170481557674947,-0.022370481557674946,2.4743564024062725,1.674296600806695
2026-05-15,-0.005798016865168338,-0.0059480168651683376,2.4542120253895154,1.6583898395226346
2026-05-18,0.00842904247957632,0.00822904247957632,2.4833277252849872,1.6802658424393404
2026-05-19,-0.0012316793472713639,-0.0014316793472713637,2.479037382465976,1.6764285611875231
2026-05-20,-0.017346759612455222,-0.017396759612455223,2.4186873573095933,1.6298673768886345
2026-05-21,0.021495052846863733,0.02134505284686373,2.492172222721868,1.6860020350285652
2026-05-22,0.004898528908492244,0.004798528908492244,2.5092787293083045,1.6988908934419187
2026-05-25,0.003059489773364793,0.002909489773364793,2.5200153316925102,1.7067432888958152
2026-05-26,-0.010112982154243472,-0.010262982154243473,2.4844174794604403,1.678964030825759
2026-05-27,-0.004810001791573648,-0.004960001791573648,2.467657425141645,1.6656763644333017
2026-05-28,-0.009362099259434592,-0.009562099259434593,2.4351928721297535,1.6401869024430615
2026-05-29,0.0010424285649386078,0.0006924285649386078,2.4387738153057352,1.6420150432710896
2026-06-01,0.009132410688253035,0.008832410688253035,2.470178110051118,1.6653504051778025
2026-06-02,-6.966358997606003e-05,-0.00031966358997606006,2.4699363649861157,1.664498389698739
2026-06-03,0.0028037280154478484,0.0026537280154478485,2.4796651227844486,1.6715692437225984
2026-06-04,-0.027959885593755833,-0.028109885593755834,2.382374084046813,1.5964717379257594
2026-06-05,-0.03506955134053879,-0.03516955134053879,2.2637557424534256,1.5051549918345213
2026-06-08,0.030190377221891614,0.030040377221891613,2.3622897594782097,1.580410792788535
2026-06-09,-0.01816578737446322,-0.01836578737446322,2.3012111186161937,1.5330195168294103
2026-06-10,-0.008075143496177217,-0.008275143496177218,2.274553365122192,1.5120584168490296
2026-06-11,0.010470168460906381,0.010370168460906382,2.308838490489249,1.5381088858153915
2026-06-12,0.03516997542787612,0.03491997542787612,2.425210258894566,1.6267395857413391
2026-06-15,0.0010096222232307162,0.0009096222232307163,2.428668427291184,1.6291289264431694
2026-06-16,0.030571688019550507,0.030421688019550506,2.533488608772813,1.7091114664065992
2026-06-17,0.008829649658314648,0.008729649658314648,2.5646880752599226,1.7327610603936519
2026-06-18,0.021787026787243046,0.021637026787243045,2.6423520298437766,1.7918898846605238
2026-06-22,-0.03437715865374481,-0.03452715865374481,2.5171383162410477,1.6954938596690647
2026-06-23,0.005552737005325242,0.005452737005325242,2.5366680603224867,1.7101916787853093
2026-06-24,0.03157126235454179,0.031471262354541785,2.6483251355158566,1.7954848321394583
2026-06-25,-0.03582265421999812,-0.03592265421999812,2.5176324457041446,1.6950635971372634
2026-06-26,0.024408589162174515,0.024258589162174514,2.6034928908948722,1.7604420377061483
2026-06-29,0.010083767015305162,0.009883767015305162,2.6398296736479643,1.78772560366609
2026-06-30,0.004679450948616282,0.004529450948616282,2.656862078067118,1.8003524700460973
2026-07-01,-0.04556363787918623,-0.04586363787918623,2.490242138567939,1.6719181184258183
2026-07-02,0.007523041498731708,0.007273041498731708,2.516499375017008,1.691351089782342
2026-07-03,0.0004956312750859004,0.0002456312750859004,2.5182422620860865,1.6920121697822288
2026-07-06,-0.014387074671617078,-0.014587074671617078,2.4676250479486153,1.6527435872447134
2026-07-07,-0.01722806488105034,-0.017278064881050343,2.4078845786394014,1.606909311431509
2026-07-08,0.023674688125627924,0.023574688125627925,2.4885651832068265,1.6683663854203026
2026-07-09,-0.01915479031488475,-0.019404790314884752,2.4217424486226924,1.6165872952279345
2026-07-10,-0.03343463030509098,-0.03363463030509098,2.307337754853756,1.5285793488919452
2026-07-13,0.025337877189586848,0.025037877189586846,2.3911386727107247,1.5918896080936276
2026-07-14,-0.00982598146490321,-0.010075981464903211,2.3578174069677527,1.5657737764434012
2026-07-15,-0.02605478635414018,-0.02645478635414018,2.270330191812995,1.4978967793545355
2026-07-16,-0.040419077301248746,-0.04056907730124874,2.1381464629894977,1.396559411822361
2026-07-17,0.0033809220006165595,0.0031809220006165594,2.1487562914073757,1.4041826803812114
2026-07-20,0.05611517362205639,0.05586517362205639,2.3254492973932432,1.5384927632398484
2026-07-21,0.010238274161254663,0.009888274161254663,2.3594961590093066,1.563594075639125
2026-07-22,0.01664909986445942,0.016449099864459422,2.415428746054921,1.6057628906012495
2026-07-23,-0.021204581370287755,-0.021404581370287754,2.343006009294779,1.5499876267776989
2026-07-24,0.02359597952581135,0.023295979525811347,2.4218875106447633,1.6093920863221847
2026-07-27,-0.03674772193838445,-0.03699772193838445,2.296140939899159,1.5128505234842158
2026-07-28,0.00627237646241866,0.00602237646241866,2.3168155767473966,1.5279838553304237
2026-07-29,-0.013588323554223913,-0.013738323554223913,2.271745613520863,1.4932535951860402
2026-07-30,0.020564504570389896,0.020414504570389895,2.339027441143266,1.5441521321001064
2026-07-31,-0.01688934340832033,-0.01708934340832033,2.282633460039992,1.500674242631637
2026-08-03,0.021733176468331415,0.021583176468331414,2.353975512307891,1.5546467361001666
2026-08-04,0.030838080242932324,0.030738080242932325,2.4574056782892715,1.6331716724667582
